Matrix at row index 9 with 9 zeros:
[[-3, 4, -1, 0], [4, -2, 0, 0], [-1, 0, 1, 0], [0, 0, 0, 0]]
========================================
Matrix at row index 11 with 9 zeros:
[[-3, 4, -1, 0], [4, -2, 0, 0], [-1, 0, 1, 0], [0, 0, 0, 0]]
========================================
Matrix at row index 14 with 9 zeros:
[[-1, 0, 1, 0], [0, 2, -4, 0], [1, -4, 3, 0], [0, 0, 0, 0]]
========================================
Matrix at row index 16 with 9 zeros:
[[-1, 0, 1, 0], [0, 2, -4, 0], [1, -4, 3, 0], [0, 0, 0, 0]]
========================================
