Matrix at row index 2737 with 49 zeros:
[[0, -4, 0, 2, 0, 0, 0, 0], [0, 4, 0, -2, 0, 0, 0, 0], [0, -4, 0, 2, 0, 0, 0, 0], [0, 1, 0, -8, 1, 1, 1, 0], [0, 0, 0, 2, 0, 0, 0, 0], [0, 2, 0, 1, 0, 0, 0, 0], [0, 0, 0, -2, 0, 0, 0, 0], [0, 0, 0, 0, 0, 0, 0, 0]]
========================================
Matrix at row index 2863 with 49 zeros:
[[0, 0, 0, 0, 0, 0, 0, 0], [-4, 4, -4, 1, 0, 2, 0, 0], [0, 0, 0, 0, 0, 0, 0, 0], [2, -2, 2, -8, 2, 1, -2, 0], [0, 0, 0, 1, 0, 0, 0, 0], [0, 0, 0, 1, 0, 0, 0, 0], [0, 0, 0, 1, 0, 0, 0, 0], [0, 0, 0, 0, 0, 0, 0, 0]]
========================================
Matrix at row index 3463 with 49 zeros:
[[0, 0, 0, 0, 0, 0, 0, 0], [-4, 4, -4, 3, 0, -2, 0, 0], [0, 0, 0, 0, 0, 0, 0, 0], [2, -2, 2, -6, -2, 3, 2, 0], [0, 0, 0, -1, 0, 0, 0, 0], [0, 0, 0, 3, 0, 0, 0, 0], [0, 0, 0, -1, 0, 0, 0, 0], [0, 0, 0, 0, 0, 0, 0, 0]]
========================================
Matrix at row index 3577 with 49 zeros:
[[0, -4, 0, 2, 0, 0, 0, 0], [0, 4, 0, -2, 0, 0, 0, 0], [0, -4, 0, 2, 0, 0, 0, 0], [0, 3, 0, -6, -1, 3, -1, 0], [0, 0, 0, -2, 0, 0, 0, 0], [0, -2, 0, 3, 0, 0, 0, 0], [0, 0, 0, 2, 0, 0, 0, 0], [0, 0, 0, 0, 0, 0, 0, 0]]
========================================
Matrix at row index 4033 with 49 zeros:
[[0, 4, 0, -2, 0, 0, 0, 0], [0, -4, 0, 2, 0, 0, 0, 0], [0, 4, 0, -2, 0, 0, 0, 0], [0, -1, 0, -5, 1, 1, 1, 0], [0, 0, 0, -2, 0, 0, 0, 0], [0, -2, 0, 3, 0, 0, 0, 0], [0, 0, 0, 2, 0, 0, 0, 0], [0, 0, 0, 0, 0, 0, 0, 0]]
========================================
Matrix at row index 4159 with 49 zeros:
[[0, 0, 0, 0, 0, 0, 0, 0], [4, -4, 4, -1, 0, -2, 0, 0], [0, 0, 0, 0, 0, 0, 0, 0], [-2, 2, -2, -5, -2, 3, 2, 0], [0, 0, 0, 1, 0, 0, 0, 0], [0, 0, 0, 1, 0, 0, 0, 0], [0, 0, 0, 1, 0, 0, 0, 0], [0, 0, 0, 0, 0, 0, 0, 0]]
========================================
Matrix at row index 4759 with 49 zeros:
[[0, 0, 0, 0, 0, 0, 0, 0], [4, -4, 4, -3, 0, 2, 0, 0], [0, 0, 0, 0, 0, 0, 0, 0], [-2, 2, -2, -5, 2, 1, -2, 0], [0, 0, 0, -1, 0, 0, 0, 0], [0, 0, 0, 3, 0, 0, 0, 0], [0, 0, 0, -1, 0, 0, 0, 0], [0, 0, 0, 0, 0, 0, 0, 0]]
========================================
Matrix at row index 4873 with 49 zeros:
[[0, 4, 0, -2, 0, 0, 0, 0], [0, -4, 0, 2, 0, 0, 0, 0], [0, 4, 0, -2, 0, 0, 0, 0], [0, -3, 0, -5, -1, 3, -1, 0], [0, 0, 0, 2, 0, 0, 0, 0], [0, 2, 0, 1, 0, 0, 0, 0], [0, 0, 0, -2, 0, 0, 0, 0], [0, 0, 0, 0, 0, 0, 0, 0]]
========================================
Matrix at row index 7779 with 49 zeros:
[[0, 4, 0, -2, 0, 0, 0, 0], [0, -4, 0, 2, 0, 0, 0, 0], [0, 4, 0, -2, 0, 0, 0, 0], [0, -3, 0, -5, -1, 3, -1, 0], [0, 0, 0, 2, 0, 0, 0, 0], [0, 2, 0, 1, 0, 0, 0, 0], [0, 0, 0, -2, 0, 0, 0, 0], [0, 0, 0, 0, 0, 0, 0, 0]]
========================================
Matrix at row index 7909 with 49 zeros:
[[0, 0, 0, 0, 0, 0, 0, 0], [4, -4, 4, -3, 0, 2, 0, 0], [0, 0, 0, 0, 0, 0, 0, 0], [-2, 2, -2, -5, 2, 1, -2, 0], [0, 0, 0, -1, 0, 0, 0, 0], [0, 0, 0, 3, 0, 0, 0, 0], [0, 0, 0, -1, 0, 0, 0, 0], [0, 0, 0, 0, 0, 0, 0, 0]]
========================================
Matrix at row index 8509 with 49 zeros:
[[0, 0, 0, 0, 0, 0, 0, 0], [4, -4, 4, -1, 0, -2, 0, 0], [0, 0, 0, 0, 0, 0, 0, 0], [-2, 2, -2, -5, -2, 3, 2, 0], [0, 0, 0, 1, 0, 0, 0, 0], [0, 0, 0, 1, 0, 0, 0, 0], [0, 0, 0, 1, 0, 0, 0, 0], [0, 0, 0, 0, 0, 0, 0, 0]]
========================================
Matrix at row index 8619 with 49 zeros:
[[0, 4, 0, -2, 0, 0, 0, 0], [0, -4, 0, 2, 0, 0, 0, 0], [0, 4, 0, -2, 0, 0, 0, 0], [0, -1, 0, -5, 1, 1, 1, 0], [0, 0, 0, -2, 0, 0, 0, 0], [0, -2, 0, 3, 0, 0, 0, 0], [0, 0, 0, 2, 0, 0, 0, 0], [0, 0, 0, 0, 0, 0, 0, 0]]
========================================
Matrix at row index 9075 with 49 zeros:
[[0, -4, 0, 2, 0, 0, 0, 0], [0, 4, 0, -2, 0, 0, 0, 0], [0, -4, 0, 2, 0, 0, 0, 0], [0, 3, 0, -6, -1, 3, -1, 0], [0, 0, 0, -2, 0, 0, 0, 0], [0, -2, 0, 3, 0, 0, 0, 0], [0, 0, 0, 2, 0, 0, 0, 0], [0, 0, 0, 0, 0, 0, 0, 0]]
========================================
Matrix at row index 9205 with 49 zeros:
[[0, 0, 0, 0, 0, 0, 0, 0], [-4, 4, -4, 3, 0, -2, 0, 0], [0, 0, 0, 0, 0, 0, 0, 0], [2, -2, 2, -6, -2, 3, 2, 0], [0, 0, 0, -1, 0, 0, 0, 0], [0, 0, 0, 3, 0, 0, 0, 0], [0, 0, 0, -1, 0, 0, 0, 0], [0, 0, 0, 0, 0, 0, 0, 0]]
========================================
Matrix at row index 9805 with 49 zeros:
[[0, 0, 0, 0, 0, 0, 0, 0], [-4, 4, -4, 1, 0, 2, 0, 0], [0, 0, 0, 0, 0, 0, 0, 0], [2, -2, 2, -8, 2, 1, -2, 0], [0, 0, 0, 1, 0, 0, 0, 0], [0, 0, 0, 1, 0, 0, 0, 0], [0, 0, 0, 1, 0, 0, 0, 0], [0, 0, 0, 0, 0, 0, 0, 0]]
========================================
Matrix at row index 9915 with 49 zeros:
[[0, -4, 0, 2, 0, 0, 0, 0], [0, 4, 0, -2, 0, 0, 0, 0], [0, -4, 0, 2, 0, 0, 0, 0], [0, 1, 0, -8, 1, 1, 1, 0], [0, 0, 0, 2, 0, 0, 0, 0], [0, 2, 0, 1, 0, 0, 0, 0], [0, 0, 0, -2, 0, 0, 0, 0], [0, 0, 0, 0, 0, 0, 0, 0]]
========================================
Matrix at row index 12829 with 49 zeros:
[[0, 4, 0, -2, 0, 0, 0, 0], [0, -4, 0, 2, 0, 0, 0, 0], [0, 4, 0, -2, 0, 0, 0, 0], [0, -1, 0, -5, 1, 1, 1, 0], [0, 0, 0, -2, 0, 0, 0, 0], [0, -2, 0, 3, 0, 0, 0, 0], [0, 0, 0, 2, 0, 0, 0, 0], [0, 0, 0, 0, 0, 0, 0, 0]]
========================================
Matrix at row index 12939 with 49 zeros:
[[0, 0, 0, 0, 0, 0, 0, 0], [4, -4, 4, -1, 0, -2, 0, 0], [0, 0, 0, 0, 0, 0, 0, 0], [-2, 2, -2, -5, -2, 3, 2, 0], [0, 0, 0, 1, 0, 0, 0, 0], [0, 0, 0, 1, 0, 0, 0, 0], [0, 0, 0, 1, 0, 0, 0, 0], [0, 0, 0, 0, 0, 0, 0, 0]]
========================================
Matrix at row index 13539 with 49 zeros:
[[0, 0, 0, 0, 0, 0, 0, 0], [4, -4, 4, -3, 0, 2, 0, 0], [0, 0, 0, 0, 0, 0, 0, 0], [-2, 2, -2, -5, 2, 1, -2, 0], [0, 0, 0, -1, 0, 0, 0, 0], [0, 0, 0, 3, 0, 0, 0, 0], [0, 0, 0, -1, 0, 0, 0, 0], [0, 0, 0, 0, 0, 0, 0, 0]]
========================================
Matrix at row index 13669 with 49 zeros:
[[0, 4, 0, -2, 0, 0, 0, 0], [0, -4, 0, 2, 0, 0, 0, 0], [0, 4, 0, -2, 0, 0, 0, 0], [0, -3, 0, -5, -1, 3, -1, 0], [0, 0, 0, 2, 0, 0, 0, 0], [0, 2, 0, 1, 0, 0, 0, 0], [0, 0, 0, -2, 0, 0, 0, 0], [0, 0, 0, 0, 0, 0, 0, 0]]
========================================
Matrix at row index 14125 with 49 zeros:
[[0, -4, 0, 2, 0, 0, 0, 0], [0, 4, 0, -2, 0, 0, 0, 0], [0, -4, 0, 2, 0, 0, 0, 0], [0, 1, 0, -8, 1, 1, 1, 0], [0, 0, 0, 2, 0, 0, 0, 0], [0, 2, 0, 1, 0, 0, 0, 0], [0, 0, 0, -2, 0, 0, 0, 0], [0, 0, 0, 0, 0, 0, 0, 0]]
========================================
Matrix at row index 14235 with 49 zeros:
[[0, 0, 0, 0, 0, 0, 0, 0], [-4, 4, -4, 1, 0, 2, 0, 0], [0, 0, 0, 0, 0, 0, 0, 0], [2, -2, 2, -8, 2, 1, -2, 0], [0, 0, 0, 1, 0, 0, 0, 0], [0, 0, 0, 1, 0, 0, 0, 0], [0, 0, 0, 1, 0, 0, 0, 0], [0, 0, 0, 0, 0, 0, 0, 0]]
========================================
Matrix at row index 14835 with 49 zeros:
[[0, 0, 0, 0, 0, 0, 0, 0], [-4, 4, -4, 3, 0, -2, 0, 0], [0, 0, 0, 0, 0, 0, 0, 0], [2, -2, 2, -6, -2, 3, 2, 0], [0, 0, 0, -1, 0, 0, 0, 0], [0, 0, 0, 3, 0, 0, 0, 0], [0, 0, 0, -1, 0, 0, 0, 0], [0, 0, 0, 0, 0, 0, 0, 0]]
========================================
Matrix at row index 14965 with 49 zeros:
[[0, -4, 0, 2, 0, 0, 0, 0], [0, 4, 0, -2, 0, 0, 0, 0], [0, -4, 0, 2, 0, 0, 0, 0], [0, 3, 0, -6, -1, 3, -1, 0], [0, 0, 0, -2, 0, 0, 0, 0], [0, -2, 0, 3, 0, 0, 0, 0], [0, 0, 0, 2, 0, 0, 0, 0], [0, 0, 0, 0, 0, 0, 0, 0]]
========================================
Matrix at row index 17871 with 49 zeros:
[[0, -4, 0, 2, 0, 0, 0, 0], [0, 4, 0, -2, 0, 0, 0, 0], [0, -4, 0, 2, 0, 0, 0, 0], [0, 3, 0, -6, -1, 3, -1, 0], [0, 0, 0, -2, 0, 0, 0, 0], [0, -2, 0, 3, 0, 0, 0, 0], [0, 0, 0, 2, 0, 0, 0, 0], [0, 0, 0, 0, 0, 0, 0, 0]]
========================================
Matrix at row index 17985 with 49 zeros:
[[0, 0, 0, 0, 0, 0, 0, 0], [-4, 4, -4, 3, 0, -2, 0, 0], [0, 0, 0, 0, 0, 0, 0, 0], [2, -2, 2, -6, -2, 3, 2, 0], [0, 0, 0, -1, 0, 0, 0, 0], [0, 0, 0, 3, 0, 0, 0, 0], [0, 0, 0, -1, 0, 0, 0, 0], [0, 0, 0, 0, 0, 0, 0, 0]]
========================================
Matrix at row index 18585 with 49 zeros:
[[0, 0, 0, 0, 0, 0, 0, 0], [-4, 4, -4, 1, 0, 2, 0, 0], [0, 0, 0, 0, 0, 0, 0, 0], [2, -2, 2, -8, 2, 1, -2, 0], [0, 0, 0, 1, 0, 0, 0, 0], [0, 0, 0, 1, 0, 0, 0, 0], [0, 0, 0, 1, 0, 0, 0, 0], [0, 0, 0, 0, 0, 0, 0, 0]]
========================================
Matrix at row index 18711 with 49 zeros:
[[0, -4, 0, 2, 0, 0, 0, 0], [0, 4, 0, -2, 0, 0, 0, 0], [0, -4, 0, 2, 0, 0, 0, 0], [0, 1, 0, -8, 1, 1, 1, 0], [0, 0, 0, 2, 0, 0, 0, 0], [0, 2, 0, 1, 0, 0, 0, 0], [0, 0, 0, -2, 0, 0, 0, 0], [0, 0, 0, 0, 0, 0, 0, 0]]
========================================
Matrix at row index 19167 with 49 zeros:
[[0, 4, 0, -2, 0, 0, 0, 0], [0, -4, 0, 2, 0, 0, 0, 0], [0, 4, 0, -2, 0, 0, 0, 0], [0, -3, 0, -5, -1, 3, -1, 0], [0, 0, 0, 2, 0, 0, 0, 0], [0, 2, 0, 1, 0, 0, 0, 0], [0, 0, 0, -2, 0, 0, 0, 0], [0, 0, 0, 0, 0, 0, 0, 0]]
========================================
Matrix at row index 19281 with 49 zeros:
[[0, 0, 0, 0, 0, 0, 0, 0], [4, -4, 4, -3, 0, 2, 0, 0], [0, 0, 0, 0, 0, 0, 0, 0], [-2, 2, -2, -5, 2, 1, -2, 0], [0, 0, 0, -1, 0, 0, 0, 0], [0, 0, 0, 3, 0, 0, 0, 0], [0, 0, 0, -1, 0, 0, 0, 0], [0, 0, 0, 0, 0, 0, 0, 0]]
========================================
Matrix at row index 19881 with 49 zeros:
[[0, 0, 0, 0, 0, 0, 0, 0], [4, -4, 4, -1, 0, -2, 0, 0], [0, 0, 0, 0, 0, 0, 0, 0], [-2, 2, -2, -5, -2, 3, 2, 0], [0, 0, 0, 1, 0, 0, 0, 0], [0, 0, 0, 1, 0, 0, 0, 0], [0, 0, 0, 1, 0, 0, 0, 0], [0, 0, 0, 0, 0, 0, 0, 0]]
========================================
Matrix at row index 20007 with 49 zeros:
[[0, 4, 0, -2, 0, 0, 0, 0], [0, -4, 0, 2, 0, 0, 0, 0], [0, 4, 0, -2, 0, 0, 0, 0], [0, -1, 0, -5, 1, 1, 1, 0], [0, 0, 0, -2, 0, 0, 0, 0], [0, -2, 0, 3, 0, 0, 0, 0], [0, 0, 0, 2, 0, 0, 0, 0], [0, 0, 0, 0, 0, 0, 0, 0]]
========================================
Matrix at row index 20314 with 49 zeros:
[[0, 0, 0, -2, 0, 0, 0, 0], [0, 0, 0, -3, 0, 2, 0, 0], [0, 0, 0, 2, 0, 0, 0, 0], [-1, -1, -1, 5, 0, 1, 0, 0], [0, 0, 0, 2, 0, -4, 0, 0], [0, 0, 0, -2, 0, 4, 0, 0], [0, 0, 0, 2, 0, -4, 0, 0], [0, 0, 0, 0, 0, 0, 0, 0]]
========================================
Matrix at row index 20440 with 49 zeros:
[[0, 0, 0, -1, 0, 0, 0, 0], [0, 0, 0, -1, 0, 0, 0, 0], [0, 0, 0, -1, 0, 0, 0, 0], [-2, -3, 2, 5, 2, -2, 2, 0], [0, 0, 0, 0, 0, 0, 0, 0], [0, 2, 0, 1, -4, 4, -4, 0], [0, 0, 0, 0, 0, 0, 0, 0], [0, 0, 0, 0, 0, 0, 0, 0]]
========================================
Matrix at row index 21040 with 49 zeros:
[[0, 0, 0, 1, 0, 0, 0, 0], [0, 0, 0, -3, 0, 0, 0, 0], [0, 0, 0, 1, 0, 0, 0, 0], [2, -1, -2, 5, 2, -2, 2, 0], [0, 0, 0, 0, 0, 0, 0, 0], [0, -2, 0, 3, -4, 4, -4, 0], [0, 0, 0, 0, 0, 0, 0, 0], [0, 0, 0, 0, 0, 0, 0, 0]]
========================================
Matrix at row index 21154 with 49 zeros:
[[0, 0, 0, 2, 0, 0, 0, 0], [0, 0, 0, -1, 0, -2, 0, 0], [0, 0, 0, -2, 0, 0, 0, 0], [1, -3, 1, 5, 0, 3, 0, 0], [0, 0, 0, 2, 0, -4, 0, 0], [0, 0, 0, -2, 0, 4, 0, 0], [0, 0, 0, 2, 0, -4, 0, 0], [0, 0, 0, 0, 0, 0, 0, 0]]
========================================
Matrix at row index 21610 with 49 zeros:
[[0, 0, 0, 2, 0, 0, 0, 0], [0, 0, 0, -1, 0, -2, 0, 0], [0, 0, 0, -2, 0, 0, 0, 0], [-1, -1, -1, 8, 0, -1, 0, 0], [0, 0, 0, -2, 0, 4, 0, 0], [0, 0, 0, 2, 0, -4, 0, 0], [0, 0, 0, -2, 0, 4, 0, 0], [0, 0, 0, 0, 0, 0, 0, 0]]
========================================
Matrix at row index 21736 with 49 zeros:
[[0, 0, 0, -1, 0, 0, 0, 0], [0, 0, 0, -1, 0, 0, 0, 0], [0, 0, 0, -1, 0, 0, 0, 0], [2, -1, -2, 8, -2, 2, -2, 0], [0, 0, 0, 0, 0, 0, 0, 0], [0, -2, 0, -1, 4, -4, 4, 0], [0, 0, 0, 0, 0, 0, 0, 0], [0, 0, 0, 0, 0, 0, 0, 0]]
========================================
Matrix at row index 22336 with 49 zeros:
[[0, 0, 0, 1, 0, 0, 0, 0], [0, 0, 0, -3, 0, 0, 0, 0], [0, 0, 0, 1, 0, 0, 0, 0], [-2, -3, 2, 6, -2, 2, -2, 0], [0, 0, 0, 0, 0, 0, 0, 0], [0, 2, 0, -3, 4, -4, 4, 0], [0, 0, 0, 0, 0, 0, 0, 0], [0, 0, 0, 0, 0, 0, 0, 0]]
========================================
Matrix at row index 22450 with 49 zeros:
[[0, 0, 0, -2, 0, 0, 0, 0], [0, 0, 0, -3, 0, 2, 0, 0], [0, 0, 0, 2, 0, 0, 0, 0], [1, -3, 1, 6, 0, -3, 0, 0], [0, 0, 0, -2, 0, 4, 0, 0], [0, 0, 0, 2, 0, -4, 0, 0], [0, 0, 0, -2, 0, 4, 0, 0], [0, 0, 0, 0, 0, 0, 0, 0]]
========================================
Matrix at row index 25356 with 49 zeros:
[[0, 0, 0, -2, 0, 0, 0, 0], [0, 0, 0, -3, 0, 2, 0, 0], [0, 0, 0, 2, 0, 0, 0, 0], [1, -3, 1, 6, 0, -3, 0, 0], [0, 0, 0, -2, 0, 4, 0, 0], [0, 0, 0, 2, 0, -4, 0, 0], [0, 0, 0, -2, 0, 4, 0, 0], [0, 0, 0, 0, 0, 0, 0, 0]]
========================================
Matrix at row index 25486 with 49 zeros:
[[0, 0, 0, 1, 0, 0, 0, 0], [0, 0, 0, -3, 0, 0, 0, 0], [0, 0, 0, 1, 0, 0, 0, 0], [-2, -3, 2, 6, -2, 2, -2, 0], [0, 0, 0, 0, 0, 0, 0, 0], [0, 2, 0, -3, 4, -4, 4, 0], [0, 0, 0, 0, 0, 0, 0, 0], [0, 0, 0, 0, 0, 0, 0, 0]]
========================================
Matrix at row index 26086 with 49 zeros:
[[0, 0, 0, -1, 0, 0, 0, 0], [0, 0, 0, -1, 0, 0, 0, 0], [0, 0, 0, -1, 0, 0, 0, 0], [2, -1, -2, 8, -2, 2, -2, 0], [0, 0, 0, 0, 0, 0, 0, 0], [0, -2, 0, -1, 4, -4, 4, 0], [0, 0, 0, 0, 0, 0, 0, 0], [0, 0, 0, 0, 0, 0, 0, 0]]
========================================
Matrix at row index 26196 with 49 zeros:
[[0, 0, 0, 2, 0, 0, 0, 0], [0, 0, 0, -1, 0, -2, 0, 0], [0, 0, 0, -2, 0, 0, 0, 0], [-1, -1, -1, 8, 0, -1, 0, 0], [0, 0, 0, -2, 0, 4, 0, 0], [0, 0, 0, 2, 0, -4, 0, 0], [0, 0, 0, -2, 0, 4, 0, 0], [0, 0, 0, 0, 0, 0, 0, 0]]
========================================
Matrix at row index 26652 with 49 zeros:
[[0, 0, 0, 2, 0, 0, 0, 0], [0, 0, 0, -1, 0, -2, 0, 0], [0, 0, 0, -2, 0, 0, 0, 0], [1, -3, 1, 5, 0, 3, 0, 0], [0, 0, 0, 2, 0, -4, 0, 0], [0, 0, 0, -2, 0, 4, 0, 0], [0, 0, 0, 2, 0, -4, 0, 0], [0, 0, 0, 0, 0, 0, 0, 0]]
========================================
Matrix at row index 26782 with 49 zeros:
[[0, 0, 0, 1, 0, 0, 0, 0], [0, 0, 0, -3, 0, 0, 0, 0], [0, 0, 0, 1, 0, 0, 0, 0], [2, -1, -2, 5, 2, -2, 2, 0], [0, 0, 0, 0, 0, 0, 0, 0], [0, -2, 0, 3, -4, 4, -4, 0], [0, 0, 0, 0, 0, 0, 0, 0], [0, 0, 0, 0, 0, 0, 0, 0]]
========================================
Matrix at row index 27382 with 49 zeros:
[[0, 0, 0, -1, 0, 0, 0, 0], [0, 0, 0, -1, 0, 0, 0, 0], [0, 0, 0, -1, 0, 0, 0, 0], [-2, -3, 2, 5, 2, -2, 2, 0], [0, 0, 0, 0, 0, 0, 0, 0], [0, 2, 0, 1, -4, 4, -4, 0], [0, 0, 0, 0, 0, 0, 0, 0], [0, 0, 0, 0, 0, 0, 0, 0]]
========================================
Matrix at row index 27492 with 49 zeros:
[[0, 0, 0, -2, 0, 0, 0, 0], [0, 0, 0, -3, 0, 2, 0, 0], [0, 0, 0, 2, 0, 0, 0, 0], [-1, -1, -1, 5, 0, 1, 0, 0], [0, 0, 0, 2, 0, -4, 0, 0], [0, 0, 0, -2, 0, 4, 0, 0], [0, 0, 0, 2, 0, -4, 0, 0], [0, 0, 0, 0, 0, 0, 0, 0]]
========================================
Matrix at row index 30406 with 49 zeros:
[[0, 0, 0, 2, 0, 0, 0, 0], [0, 0, 0, -1, 0, -2, 0, 0], [0, 0, 0, -2, 0, 0, 0, 0], [-1, -1, -1, 8, 0, -1, 0, 0], [0, 0, 0, -2, 0, 4, 0, 0], [0, 0, 0, 2, 0, -4, 0, 0], [0, 0, 0, -2, 0, 4, 0, 0], [0, 0, 0, 0, 0, 0, 0, 0]]
========================================
Matrix at row index 30516 with 49 zeros:
[[0, 0, 0, -1, 0, 0, 0, 0], [0, 0, 0, -1, 0, 0, 0, 0], [0, 0, 0, -1, 0, 0, 0, 0], [2, -1, -2, 8, -2, 2, -2, 0], [0, 0, 0, 0, 0, 0, 0, 0], [0, -2, 0, -1, 4, -4, 4, 0], [0, 0, 0, 0, 0, 0, 0, 0], [0, 0, 0, 0, 0, 0, 0, 0]]
========================================
Matrix at row index 31116 with 49 zeros:
[[0, 0, 0, 1, 0, 0, 0, 0], [0, 0, 0, -3, 0, 0, 0, 0], [0, 0, 0, 1, 0, 0, 0, 0], [-2, -3, 2, 6, -2, 2, -2, 0], [0, 0, 0, 0, 0, 0, 0, 0], [0, 2, 0, -3, 4, -4, 4, 0], [0, 0, 0, 0, 0, 0, 0, 0], [0, 0, 0, 0, 0, 0, 0, 0]]
========================================
Matrix at row index 31246 with 49 zeros:
[[0, 0, 0, -2, 0, 0, 0, 0], [0, 0, 0, -3, 0, 2, 0, 0], [0, 0, 0, 2, 0, 0, 0, 0], [1, -3, 1, 6, 0, -3, 0, 0], [0, 0, 0, -2, 0, 4, 0, 0], [0, 0, 0, 2, 0, -4, 0, 0], [0, 0, 0, -2, 0, 4, 0, 0], [0, 0, 0, 0, 0, 0, 0, 0]]
========================================
Matrix at row index 31702 with 49 zeros:
[[0, 0, 0, -2, 0, 0, 0, 0], [0, 0, 0, -3, 0, 2, 0, 0], [0, 0, 0, 2, 0, 0, 0, 0], [-1, -1, -1, 5, 0, 1, 0, 0], [0, 0, 0, 2, 0, -4, 0, 0], [0, 0, 0, -2, 0, 4, 0, 0], [0, 0, 0, 2, 0, -4, 0, 0], [0, 0, 0, 0, 0, 0, 0, 0]]
========================================
Matrix at row index 31812 with 49 zeros:
[[0, 0, 0, -1, 0, 0, 0, 0], [0, 0, 0, -1, 0, 0, 0, 0], [0, 0, 0, -1, 0, 0, 0, 0], [-2, -3, 2, 5, 2, -2, 2, 0], [0, 0, 0, 0, 0, 0, 0, 0], [0, 2, 0, 1, -4, 4, -4, 0], [0, 0, 0, 0, 0, 0, 0, 0], [0, 0, 0, 0, 0, 0, 0, 0]]
========================================
Matrix at row index 32412 with 49 zeros:
[[0, 0, 0, 1, 0, 0, 0, 0], [0, 0, 0, -3, 0, 0, 0, 0], [0, 0, 0, 1, 0, 0, 0, 0], [2, -1, -2, 5, 2, -2, 2, 0], [0, 0, 0, 0, 0, 0, 0, 0], [0, -2, 0, 3, -4, 4, -4, 0], [0, 0, 0, 0, 0, 0, 0, 0], [0, 0, 0, 0, 0, 0, 0, 0]]
========================================
Matrix at row index 32542 with 49 zeros:
[[0, 0, 0, 2, 0, 0, 0, 0], [0, 0, 0, -1, 0, -2, 0, 0], [0, 0, 0, -2, 0, 0, 0, 0], [1, -3, 1, 5, 0, 3, 0, 0], [0, 0, 0, 2, 0, -4, 0, 0], [0, 0, 0, -2, 0, 4, 0, 0], [0, 0, 0, 2, 0, -4, 0, 0], [0, 0, 0, 0, 0, 0, 0, 0]]
========================================
Matrix at row index 35448 with 49 zeros:
[[0, 0, 0, 2, 0, 0, 0, 0], [0, 0, 0, -1, 0, -2, 0, 0], [0, 0, 0, -2, 0, 0, 0, 0], [1, -3, 1, 5, 0, 3, 0, 0], [0, 0, 0, 2, 0, -4, 0, 0], [0, 0, 0, -2, 0, 4, 0, 0], [0, 0, 0, 2, 0, -4, 0, 0], [0, 0, 0, 0, 0, 0, 0, 0]]
========================================
Matrix at row index 35562 with 49 zeros:
[[0, 0, 0, 1, 0, 0, 0, 0], [0, 0, 0, -3, 0, 0, 0, 0], [0, 0, 0, 1, 0, 0, 0, 0], [2, -1, -2, 5, 2, -2, 2, 0], [0, 0, 0, 0, 0, 0, 0, 0], [0, -2, 0, 3, -4, 4, -4, 0], [0, 0, 0, 0, 0, 0, 0, 0], [0, 0, 0, 0, 0, 0, 0, 0]]
========================================
Matrix at row index 36162 with 49 zeros:
[[0, 0, 0, -1, 0, 0, 0, 0], [0, 0, 0, -1, 0, 0, 0, 0], [0, 0, 0, -1, 0, 0, 0, 0], [-2, -3, 2, 5, 2, -2, 2, 0], [0, 0, 0, 0, 0, 0, 0, 0], [0, 2, 0, 1, -4, 4, -4, 0], [0, 0, 0, 0, 0, 0, 0, 0], [0, 0, 0, 0, 0, 0, 0, 0]]
========================================
Matrix at row index 36288 with 49 zeros:
[[0, 0, 0, -2, 0, 0, 0, 0], [0, 0, 0, -3, 0, 2, 0, 0], [0, 0, 0, 2, 0, 0, 0, 0], [-1, -1, -1, 5, 0, 1, 0, 0], [0, 0, 0, 2, 0, -4, 0, 0], [0, 0, 0, -2, 0, 4, 0, 0], [0, 0, 0, 2, 0, -4, 0, 0], [0, 0, 0, 0, 0, 0, 0, 0]]
========================================
Matrix at row index 36744 with 49 zeros:
[[0, 0, 0, -2, 0, 0, 0, 0], [0, 0, 0, -3, 0, 2, 0, 0], [0, 0, 0, 2, 0, 0, 0, 0], [1, -3, 1, 6, 0, -3, 0, 0], [0, 0, 0, -2, 0, 4, 0, 0], [0, 0, 0, 2, 0, -4, 0, 0], [0, 0, 0, -2, 0, 4, 0, 0], [0, 0, 0, 0, 0, 0, 0, 0]]
========================================
Matrix at row index 36858 with 49 zeros:
[[0, 0, 0, 1, 0, 0, 0, 0], [0, 0, 0, -3, 0, 0, 0, 0], [0, 0, 0, 1, 0, 0, 0, 0], [-2, -3, 2, 6, -2, 2, -2, 0], [0, 0, 0, 0, 0, 0, 0, 0], [0, 2, 0, -3, 4, -4, 4, 0], [0, 0, 0, 0, 0, 0, 0, 0], [0, 0, 0, 0, 0, 0, 0, 0]]
========================================
Matrix at row index 37458 with 49 zeros:
[[0, 0, 0, -1, 0, 0, 0, 0], [0, 0, 0, -1, 0, 0, 0, 0], [0, 0, 0, -1, 0, 0, 0, 0], [2, -1, -2, 8, -2, 2, -2, 0], [0, 0, 0, 0, 0, 0, 0, 0], [0, -2, 0, -1, 4, -4, 4, 0], [0, 0, 0, 0, 0, 0, 0, 0], [0, 0, 0, 0, 0, 0, 0, 0]]
========================================
Matrix at row index 37584 with 49 zeros:
[[0, 0, 0, 2, 0, 0, 0, 0], [0, 0, 0, -1, 0, -2, 0, 0], [0, 0, 0, -2, 0, 0, 0, 0], [-1, -1, -1, 8, 0, -1, 0, 0], [0, 0, 0, -2, 0, 4, 0, 0], [0, 0, 0, 2, 0, -4, 0, 0], [0, 0, 0, -2, 0, 4, 0, 0], [0, 0, 0, 0, 0, 0, 0, 0]]
========================================
