Matrix at row index 6 with 9 zeros:
[[-1, 0, 1, 0], [0, 2, -4, 0], [1, -4, 3, 0], [0, 0, 0, 0]]
========================================
Matrix at row index 12 with 9 zeros:
[[-1, 0, 1, 0], [0, 2, -4, 0], [1, -4, 3, 0], [0, 0, 0, 0]]
========================================
Matrix at row index 13 with 9 zeros:
[[-3, 4, -1, 0], [4, -2, 0, 0], [-1, 0, 1, 0], [0, 0, 0, 0]]
========================================
Matrix at row index 19 with 9 zeros:
[[-3, 4, -1, 0], [4, -2, 0, 0], [-1, 0, 1, 0], [0, 0, 0, 0]]
========================================
