Matrix at row index 3290 with 52 zeros:
[[0, 0, 0, 0, 0, 0, 0, 0], [0, 1, -2, 0, 0, -2, 0, 0], [0, 0, 0, 0, 0, 0, 0, 0], [2, -1, 0, 5, 0, 0, 0, 0], [2, 0, -2, 0, 0, 2, 0, 0], [-1, 0, 1, 0, 0, -1, 0, 0], [0, 0, 0, 0, 0, 0, 0, 0], [0, 0, 0, 0, 0, 0, 0, 0]]
========================================
Matrix at row index 18367 with 52 zeros:
[[0, 0, 0, 0, 0, 0, 0, 0], [0, -1, 2, 2, 0, -2, 0, 0], [0, 0, 0, 0, 0, 0, 0, 0], [0, 0, 0, 2, 0, 2, 0, 0], [-2, 0, 2, 0, 0, -2, 0, 0], [1, 0, -1, 0, 0, 1, 0, 0], [0, 0, 0, 0, 0, 0, 0, 0], [0, 0, 0, 0, 0, 0, 0, 0]]
========================================
Matrix at row index 18368 with 52 zeros:
[[0, 0, 0, 0, 0, 0, 0, 0], [-2, 1, 0, 3, 0, -2, 0, 0], [0, 0, 0, 0, 0, 0, 0, 0], [0, 0, 0, 2, 0, 2, 0, 0], [-2, 0, 2, 0, 0, -2, 0, 0], [1, 0, -1, 0, 0, 1, 0, 0], [0, 0, 0, 0, 0, 0, 0, 0], [0, 0, 0, 0, 0, 0, 0, 0]]
========================================
Matrix at row index 21953 with 52 zeros:
[[0, 0, 0, 0, 0, 0, 0, 0], [0, -1, 0, 0, 1, 0, -1, 0], [0, 2, 0, 0, -2, 0, 2, 0], [0, -2, 0, -2, 0, 0, 0, 0], [0, 0, 0, 0, 0, 0, 0, 0], [0, 2, 0, -3, 0, -1, 2, 0], [0, 0, 0, 0, 0, 0, 0, 0], [0, 0, 0, 0, 0, 0, 0, 0]]
========================================
Matrix at row index 21954 with 52 zeros:
[[0, 0, 0, 0, 0, 0, 0, 0], [0, -1, 0, 0, 1, 0, -1, 0], [0, 2, 0, 0, -2, 0, 2, 0], [0, -2, 0, -2, 0, 0, 0, 0], [0, 0, 0, 0, 0, 0, 0, 0], [0, 2, 0, -2, -2, 1, 0, 0], [0, 0, 0, 0, 0, 0, 0, 0], [0, 0, 0, 0, 0, 0, 0, 0]]
========================================
Matrix at row index 37031 with 52 zeros:
[[0, 0, 0, 0, 0, 0, 0, 0], [0, 1, 0, 0, -1, 0, 1, 0], [0, -2, 0, 0, 2, 0, -2, 0], [0, 0, 0, -5, 0, 1, -2, 0], [0, 0, 0, 0, 0, 0, 0, 0], [0, 2, 0, 0, 2, -1, 0, 0], [0, 0, 0, 0, 0, 0, 0, 0], [0, 0, 0, 0, 0, 0, 0, 0]]
========================================
