Matrix at row index 2 with 9 zeros:
[[-1, 0, 1, 0], [0, 2, -4, 0], [1, -4, 3, 0], [0, 0, 0, 0]]
========================================
Matrix at row index 8 with 9 zeros:
[[-1, 0, 1, 0], [0, 2, -4, 0], [1, -4, 3, 0], [0, 0, 0, 0]]
========================================
Matrix at row index 17 with 9 zeros:
[[-3, 4, -1, 0], [4, -2, 0, 0], [-1, 0, 1, 0], [0, 0, 0, 0]]
========================================
Matrix at row index 23 with 9 zeros:
[[-3, 4, -1, 0], [4, -2, 0, 0], [-1, 0, 1, 0], [0, 0, 0, 0]]
========================================
