Matrix at row index 7567 with 50 zeros:
[[0, 0, 0, 0, 0, 0, 0, 0], [0, 0, 0, 0, 0, -2, 0, 0], [0, 0, 0, 0, 0, 4, 0, 0], [0, -2, 0, 5, 0, -2, 0, 0], [1, 1, -1, 0, 0, 0, 0, 0], [-1, -1, 1, 0, 0, 0, 0, 0], [1, 1, -1, 0, 0, 0, 0, 0], [0, 0, 0, 0, 0, 0, 0, 0]]
========================================
Matrix at row index 7729 with 50 zeros:
[[0, 0, 0, 0, 1, -1, 1, 0], [0, 0, 0, -2, 1, -1, 1, 0], [0, 0, 0, 0, -1, 1, -1, 0], [0, 0, 0, 5, 0, 0, 0, 0], [0, 0, 0, 0, 0, 0, 0, 0], [0, -2, 4, -2, 0, 0, 0, 0], [0, 0, 0, 0, 0, 0, 0, 0], [0, 0, 0, 0, 0, 0, 0, 0]]
========================================
Matrix at row index 17671 with 50 zeros:
[[0, 0, 0, 0, 0, -1, 0, 0], [0, 0, 0, 3, 0, -1, 0, 0], [0, 0, 0, 0, 0, 1, 0, 0], [3, -3, 3, 1, 0, 0, 0, 0], [-4, 2, 0, 0, 0, 0, 0, 0], [4, -2, 0, 0, 0, 0, 0, 0], [-4, 2, 0, 0, 0, 0, 0, 0], [0, 0, 0, 0, 0, 0, 0, 0]]
========================================
Matrix at row index 17815 with 50 zeros:
[[0, 0, 0, 3, -4, 4, -4, 0], [0, 0, 0, -3, 2, -2, 2, 0], [0, 0, 0, 3, 0, 0, 0, 0], [0, 3, 0, 1, 0, 0, 0, 0], [0, 0, 0, 0, 0, 0, 0, 0], [-1, -1, 1, 0, 0, 0, 0, 0], [0, 0, 0, 0, 0, 0, 0, 0], [0, 0, 0, 0, 0, 0, 0, 0]]
========================================
Matrix at row index 18392 with 50 zeros:
[[0, 0, 0, 0, 0, -1, 0, 0], [0, 0, 0, 3, 0, -1, 0, 0], [0, 0, 0, 0, 0, 1, 0, 0], [-3, 1, 1, 2, 0, 0, 0, 0], [4, -2, 0, 0, 0, 0, 0, 0], [-4, 2, 0, 0, 0, 0, 0, 0], [4, -2, 0, 0, 0, 0, 0, 0], [0, 0, 0, 0, 0, 0, 0, 0]]
========================================
Matrix at row index 18655 with 50 zeros:
[[0, 0, 0, -3, 4, -4, 4, 0], [0, 0, 0, 1, -2, 2, -2, 0], [0, 0, 0, 1, 0, 0, 0, 0], [0, 3, 0, 2, 0, 0, 0, 0], [0, 0, 0, 0, 0, 0, 0, 0], [-1, -1, 1, 0, 0, 0, 0, 0], [0, 0, 0, 0, 0, 0, 0, 0], [0, 0, 0, 0, 0, 0, 0, 0]]
========================================
Matrix at row index 21666 with 50 zeros:
[[0, 0, 0, 0, 0, 0, 0, 0], [0, 0, 0, 0, -1, 1, 1, 0], [0, 0, 0, 0, 0, 0, 0, 0], [0, 0, 0, -2, 0, -3, 0, 0], [0, 0, 0, -1, 0, 0, 0, 0], [2, -2, 2, -1, 0, 0, 0, 0], [-4, 4, -4, 3, 0, 0, 0, 0], [0, 0, 0, 0, 0, 0, 0, 0]]
========================================
Matrix at row index 21929 with 50 zeros:
[[0, 0, 0, 0, 0, 2, -4, 0], [0, 0, 0, 0, 0, -2, 4, 0], [0, 0, 0, 0, 0, 2, -4, 0], [0, 0, 0, -2, -1, -1, 3, 0], [0, -1, 0, 0, 0, 0, 0, 0], [0, 1, 0, -3, 0, 0, 0, 0], [0, 1, 0, 0, 0, 0, 0, 0], [0, 0, 0, 0, 0, 0, 0, 0]]
========================================
Matrix at row index 22506 with 50 zeros:
[[0, 0, 0, 0, 0, 0, 0, 0], [0, 0, 0, 0, -1, 1, 1, 0], [0, 0, 0, 0, 0, 0, 0, 0], [0, 0, 0, -1, 0, -3, 0, 0], [0, 0, 0, -3, 0, 0, 0, 0], [-2, 2, -2, 3, 0, 0, 0, 0], [4, -4, 4, -3, 0, 0, 0, 0], [0, 0, 0, 0, 0, 0, 0, 0]]
========================================
Matrix at row index 22650 with 50 zeros:
[[0, 0, 0, 0, 0, -2, 4, 0], [0, 0, 0, 0, 0, 2, -4, 0], [0, 0, 0, 0, 0, -2, 4, 0], [0, 0, 0, -1, -3, 3, -3, 0], [0, -1, 0, 0, 0, 0, 0, 0], [0, 1, 0, -3, 0, 0, 0, 0], [0, 1, 0, 0, 0, 0, 0, 0], [0, 0, 0, 0, 0, 0, 0, 0]]
========================================
Matrix at row index 32592 with 50 zeros:
[[0, 0, 0, 0, 0, 0, 0, 0], [0, 0, 0, 2, -4, 2, 0, 0], [0, 0, 0, 0, 0, 0, 0, 0], [0, 0, 0, -5, 0, 0, 0, 0], [1, -1, 1, 0, 0, 0, 0, 0], [-1, 1, -1, 2, 0, 0, 0, 0], [-1, 1, -1, 0, 0, 0, 0, 0], [0, 0, 0, 0, 0, 0, 0, 0]]
========================================
Matrix at row index 32754 with 50 zeros:
[[0, 0, 0, 0, 1, -1, -1, 0], [0, 0, 0, 0, -1, 1, 1, 0], [0, 0, 0, 0, 1, -1, -1, 0], [0, 2, 0, -5, 0, 2, 0, 0], [0, -4, 0, 0, 0, 0, 0, 0], [0, 2, 0, 0, 0, 0, 0, 0], [0, 0, 0, 0, 0, 0, 0, 0], [0, 0, 0, 0, 0, 0, 0, 0]]
========================================
