Matrix at row index 1620 with 41 zeros:
[[-3, 0, 0, 0, 5, -6, 2, 0], [0, 1, 0, -7, 0, 7, 0, 0], [0, 0, 5, 0, 0, 0, -5, 0], [0, -7, 0, 7, 0, -7, 0, 0], [5, 0, 0, 0, -5, 6, 0, 0], [-6, 7, 0, -7, 6, 1, 0, 0], [2, 0, -5, 0, 0, 0, 3, 0], [0, 0, 0, 0, 0, 0, 0, 0]]
========================================
Matrix at row index 1621 with 41 zeros:
[[-3, 0, 0, 0, 5, -6, 2, 0], [0, 1, 0, -7, 0, 7, 0, 0], [0, 0, 5, 0, 0, 0, -5, 0], [0, -7, 0, 7, 0, -7, 0, 0], [5, 0, 0, 0, -5, 6, 0, 0], [-6, 7, 0, -7, 6, 1, 0, 0], [2, 0, -5, 0, 0, 0, 3, 0], [0, 0, 0, 0, 0, 0, 0, 0]]
========================================
Matrix at row index 1786 with 41 zeros:
[[-3, 0, 0, 0, 5, -6, 2, 0], [0, 1, 0, -7, 0, 7, 0, 0], [0, 0, 5, 0, 0, 0, -5, 0], [0, -7, 0, 7, 0, -7, 0, 0], [5, 0, 0, 0, -5, 6, 0, 0], [-6, 7, 0, -7, 6, 1, 0, 0], [2, 0, -5, 0, 0, 0, 3, 0], [0, 0, 0, 0, 0, 0, 0, 0]]
========================================
Matrix at row index 1795 with 41 zeros:
[[-3, 0, 0, 0, 5, -6, 2, 0], [0, 1, 0, -7, 0, 7, 0, 0], [0, 0, 5, 0, 0, 0, -5, 0], [0, -7, 0, 7, 0, -7, 0, 0], [5, 0, 0, 0, -5, 6, 0, 0], [-6, 7, 0, -7, 6, 1, 0, 0], [2, 0, -5, 0, 0, 0, 3, 0], [0, 0, 0, 0, 0, 0, 0, 0]]
========================================
Matrix at row index 1923 with 41 zeros:
[[-3, 0, 0, 0, 5, -6, 2, 0], [0, 1, 0, -7, 0, 7, 0, 0], [0, 0, 5, 0, 0, 0, -5, 0], [0, -7, 0, 7, 0, -7, 0, 0], [5, 0, 0, 0, -5, 6, 0, 0], [-6, 7, 0, -7, 6, 1, 0, 0], [2, 0, -5, 0, 0, 0, 3, 0], [0, 0, 0, 0, 0, 0, 0, 0]]
========================================
Matrix at row index 1931 with 41 zeros:
[[-3, 0, 0, 0, 5, -6, 2, 0], [0, 1, 0, -7, 0, 7, 0, 0], [0, 0, 5, 0, 0, 0, -5, 0], [0, -7, 0, 7, 0, -7, 0, 0], [5, 0, 0, 0, -5, 6, 0, 0], [-6, 7, 0, -7, 6, 1, 0, 0], [2, 0, -5, 0, 0, 0, 3, 0], [0, 0, 0, 0, 0, 0, 0, 0]]
========================================
Matrix at row index 4526 with 41 zeros:
[[3, 0, -1, 0, 2, -1, 0, 0], [0, -1, 0, 0, -3, 0, 3, 0], [-1, 0, 1, 0, 0, -1, 0, 0], [0, 0, 0, 5, 0, 0, 0, 0], [2, -3, 0, 0, 1, 2, -3, 0], [-1, 0, -1, 0, 2, -1, 0, 0], [0, 3, 0, 0, -3, 0, 3, 0], [0, 0, 0, 0, 0, 0, 0, 0]]
========================================
Matrix at row index 4534 with 41 zeros:
[[3, 0, -1, 0, 2, -1, 0, 0], [0, -1, 0, 0, -3, 0, 3, 0], [-1, 0, 1, 0, 0, -1, 0, 0], [0, 0, 0, 5, 0, 0, 0, 0], [2, -3, 0, 0, 1, 2, -3, 0], [-1, 0, -1, 0, 2, -1, 0, 0], [0, 3, 0, 0, -3, 0, 3, 0], [0, 0, 0, 0, 0, 0, 0, 0]]
========================================
Matrix at row index 4684 with 41 zeros:
[[3, 0, -1, 0, 2, -1, 0, 0], [0, -1, 0, 0, -3, 0, 3, 0], [-1, 0, 1, 0, 0, -1, 0, 0], [0, 0, 0, 5, 0, 0, 0, 0], [2, -3, 0, 0, 1, 2, -3, 0], [-1, 0, -1, 0, 2, -1, 0, 0], [0, 3, 0, 0, -3, 0, 3, 0], [0, 0, 0, 0, 0, 0, 0, 0]]
========================================
Matrix at row index 4701 with 41 zeros:
[[3, 0, -1, 0, 2, -1, 0, 0], [0, -1, 0, 0, -3, 0, 3, 0], [-1, 0, 1, 0, 0, -1, 0, 0], [0, 0, 0, 5, 0, 0, 0, 0], [2, -3, 0, 0, 1, 2, -3, 0], [-1, 0, -1, 0, 2, -1, 0, 0], [0, 3, 0, 0, -3, 0, 3, 0], [0, 0, 0, 0, 0, 0, 0, 0]]
========================================
Matrix at row index 4980 with 41 zeros:
[[3, 0, -1, 0, 2, -1, 0, 0], [0, -1, 0, 0, -3, 0, 3, 0], [-1, 0, 1, 0, 0, -1, 0, 0], [0, 0, 0, 5, 0, 0, 0, 0], [2, -3, 0, 0, 1, 2, -3, 0], [-1, 0, -1, 0, 2, -1, 0, 0], [0, 3, 0, 0, -3, 0, 3, 0], [0, 0, 0, 0, 0, 0, 0, 0]]
========================================
Matrix at row index 4981 with 41 zeros:
[[3, 0, -1, 0, 2, -1, 0, 0], [0, -1, 0, 0, -3, 0, 3, 0], [-1, 0, 1, 0, 0, -1, 0, 0], [0, 0, 0, 5, 0, 0, 0, 0], [2, -3, 0, 0, 1, 2, -3, 0], [-1, 0, -1, 0, 2, -1, 0, 0], [0, 3, 0, 0, -3, 0, 3, 0], [0, 0, 0, 0, 0, 0, 0, 0]]
========================================
Matrix at row index 12996 with 41 zeros:
[[3, 0, 2, 0, -5, 0, 0, 0], [0, -1, -6, 7, 0, -1, 2, 0], [2, -6, 5, 0, 0, 0, -3, 0], [0, 7, 0, -7, 0, 1, 0, 0], [-5, 0, 0, 0, 5, 0, 0, 0], [0, -1, 0, 1, 0, -1, 0, 0], [0, 2, -3, 0, 0, 0, 3, 0], [0, 0, 0, 0, 0, 0, 0, 0]]
========================================
Matrix at row index 12997 with 41 zeros:
[[3, 0, 2, 0, -5, 0, 0, 0], [0, -1, -6, 7, 0, -1, 2, 0], [2, -6, 5, 0, 0, 0, -3, 0], [0, 7, 0, -7, 0, 1, 0, 0], [-5, 0, 0, 0, 5, 0, 0, 0], [0, -1, 0, 1, 0, -1, 0, 0], [0, 2, -3, 0, 0, 0, 3, 0], [0, 0, 0, 0, 0, 0, 0, 0]]
========================================
Matrix at row index 13070 with 41 zeros:
[[-3, 0, 3, 0, 0, 1, 0, 0], [0, 1, -2, 0, 1, 0, -3, 0], [3, -2, -1, 0, 0, -1, 2, 0], [0, 0, 0, 5, 0, 0, 0, 0], [0, 1, 0, 0, -1, 0, 1, 0], [1, 0, -1, 0, 0, 1, 0, 0], [0, -3, 2, 0, 1, 0, -3, 0], [0, 0, 0, 0, 0, 0, 0, 0]]
========================================
Matrix at row index 13078 with 41 zeros:
[[-3, 0, 3, 0, 0, 1, 0, 0], [0, 1, -2, 0, 1, 0, -3, 0], [3, -2, -1, 0, 0, -1, 2, 0], [0, 0, 0, 5, 0, 0, 0, 0], [0, 1, 0, 0, -1, 0, 1, 0], [1, 0, -1, 0, 0, 1, 0, 0], [0, -3, 2, 0, 1, 0, -3, 0], [0, 0, 0, 0, 0, 0, 0, 0]]
========================================
Matrix at row index 13350 with 41 zeros:
[[-3, 0, 3, 0, 0, 1, 0, 0], [0, 1, -2, 0, 1, 0, -3, 0], [3, -2, -1, 0, 0, -1, 2, 0], [0, 0, 0, 5, 0, 0, 0, 0], [0, 1, 0, 0, -1, 0, 1, 0], [1, 0, -1, 0, 0, 1, 0, 0], [0, -3, 2, 0, 1, 0, -3, 0], [0, 0, 0, 0, 0, 0, 0, 0]]
========================================
Matrix at row index 13359 with 41 zeros:
[[-3, 0, 3, 0, 0, 1, 0, 0], [0, 1, -2, 0, 1, 0, -3, 0], [3, -2, -1, 0, 0, -1, 2, 0], [0, 0, 0, 5, 0, 0, 0, 0], [0, 1, 0, 0, -1, 0, 1, 0], [1, 0, -1, 0, 0, 1, 0, 0], [0, -3, 2, 0, 1, 0, -3, 0], [0, 0, 0, 0, 0, 0, 0, 0]]
========================================
Matrix at row index 13420 with 41 zeros:
[[3, 0, 2, 0, -5, 0, 0, 0], [0, -1, -6, 7, 0, -1, 2, 0], [2, -6, 5, 0, 0, 0, -3, 0], [0, 7, 0, -7, 0, 1, 0, 0], [-5, 0, 0, 0, 5, 0, 0, 0], [0, -1, 0, 1, 0, -1, 0, 0], [0, 2, -3, 0, 0, 0, 3, 0], [0, 0, 0, 0, 0, 0, 0, 0]]
========================================
Matrix at row index 13437 with 41 zeros:
[[3, 0, 2, 0, -5, 0, 0, 0], [0, -1, -6, 7, 0, -1, 2, 0], [2, -6, 5, 0, 0, 0, -3, 0], [0, 7, 0, -7, 0, 1, 0, 0], [-5, 0, 0, 0, 5, 0, 0, 0], [0, -1, 0, 1, 0, -1, 0, 0], [0, 2, -3, 0, 0, 0, 3, 0], [0, 0, 0, 0, 0, 0, 0, 0]]
========================================
Matrix at row index 13465 with 41 zeros:
[[3, 0, 2, 0, -5, 0, 0, 0], [0, -1, -6, 7, 0, -1, 2, 0], [2, -6, 5, 0, 0, 0, -3, 0], [0, 7, 0, -7, 0, 1, 0, 0], [-5, 0, 0, 0, 5, 0, 0, 0], [0, -1, 0, 1, 0, -1, 0, 0], [0, 2, -3, 0, 0, 0, 3, 0], [0, 0, 0, 0, 0, 0, 0, 0]]
========================================
Matrix at row index 13481 with 41 zeros:
[[3, 0, 2, 0, -5, 0, 0, 0], [0, -1, -6, 7, 0, -1, 2, 0], [2, -6, 5, 0, 0, 0, -3, 0], [0, 7, 0, -7, 0, 1, 0, 0], [-5, 0, 0, 0, 5, 0, 0, 0], [0, -1, 0, 1, 0, -1, 0, 0], [0, 2, -3, 0, 0, 0, 3, 0], [0, 0, 0, 0, 0, 0, 0, 0]]
========================================
Matrix at row index 13494 with 41 zeros:
[[-3, 0, 3, 0, 0, 1, 0, 0], [0, 1, -2, 0, 1, 0, -3, 0], [3, -2, -1, 0, 0, -1, 2, 0], [0, 0, 0, 5, 0, 0, 0, 0], [0, 1, 0, 0, -1, 0, 1, 0], [1, 0, -1, 0, 0, 1, 0, 0], [0, -3, 2, 0, 1, 0, -3, 0], [0, 0, 0, 0, 0, 0, 0, 0]]
========================================
Matrix at row index 13503 with 41 zeros:
[[-3, 0, 3, 0, 0, 1, 0, 0], [0, 1, -2, 0, 1, 0, -3, 0], [3, -2, -1, 0, 0, -1, 2, 0], [0, 0, 0, 5, 0, 0, 0, 0], [0, 1, 0, 0, -1, 0, 1, 0], [1, 0, -1, 0, 0, 1, 0, 0], [0, -3, 2, 0, 1, 0, -3, 0], [0, 0, 0, 0, 0, 0, 0, 0]]
========================================
Matrix at row index 26818 with 41 zeros:
[[3, 0, -1, 0, -2, 3, 0, 0], [0, -1, 0, 0, 1, 0, -1, 0], [-1, 0, 1, 0, 0, -1, 0, 0], [0, 0, 0, -5, 0, 0, 0, 0], [-2, 1, 0, 0, 1, 2, -3, 0], [3, 0, -1, 0, 2, -1, 0, 0], [0, -1, 0, 0, -3, 0, 3, 0], [0, 0, 0, 0, 0, 0, 0, 0]]
========================================
Matrix at row index 26827 with 41 zeros:
[[3, 0, -1, 0, -2, 3, 0, 0], [0, -1, 0, 0, 1, 0, -1, 0], [-1, 0, 1, 0, 0, -1, 0, 0], [0, 0, 0, -5, 0, 0, 0, 0], [-2, 1, 0, 0, 1, 2, -3, 0], [3, 0, -1, 0, 2, -1, 0, 0], [0, -1, 0, 0, -3, 0, 3, 0], [0, 0, 0, 0, 0, 0, 0, 0]]
========================================
Matrix at row index 26840 with 41 zeros:
[[-3, 0, 0, 0, 3, -2, 0, 0], [0, 1, 0, -1, 0, 1, 0, 0], [0, 0, -5, 0, 0, 0, 5, 0], [0, -1, 0, 7, 0, -7, 0, 0], [3, 0, 0, 0, -5, 6, -2, 0], [-2, 1, 0, -7, 6, 1, 0, 0], [0, 0, 5, 0, -2, 0, -3, 0], [0, 0, 0, 0, 0, 0, 0, 0]]
========================================
Matrix at row index 26856 with 41 zeros:
[[-3, 0, 0, 0, 3, -2, 0, 0], [0, 1, 0, -1, 0, 1, 0, 0], [0, 0, -5, 0, 0, 0, 5, 0], [0, -1, 0, 7, 0, -7, 0, 0], [3, 0, 0, 0, -5, 6, -2, 0], [-2, 1, 0, -7, 6, 1, 0, 0], [0, 0, 5, 0, -2, 0, -3, 0], [0, 0, 0, 0, 0, 0, 0, 0]]
========================================
Matrix at row index 26884 with 41 zeros:
[[-3, 0, 0, 0, 3, -2, 0, 0], [0, 1, 0, -1, 0, 1, 0, 0], [0, 0, -5, 0, 0, 0, 5, 0], [0, -1, 0, 7, 0, -7, 0, 0], [3, 0, 0, 0, -5, 6, -2, 0], [-2, 1, 0, -7, 6, 1, 0, 0], [0, 0, 5, 0, -2, 0, -3, 0], [0, 0, 0, 0, 0, 0, 0, 0]]
========================================
Matrix at row index 26901 with 41 zeros:
[[-3, 0, 0, 0, 3, -2, 0, 0], [0, 1, 0, -1, 0, 1, 0, 0], [0, 0, -5, 0, 0, 0, 5, 0], [0, -1, 0, 7, 0, -7, 0, 0], [3, 0, 0, 0, -5, 6, -2, 0], [-2, 1, 0, -7, 6, 1, 0, 0], [0, 0, 5, 0, -2, 0, -3, 0], [0, 0, 0, 0, 0, 0, 0, 0]]
========================================
Matrix at row index 26962 with 41 zeros:
[[3, 0, -1, 0, -2, 3, 0, 0], [0, -1, 0, 0, 1, 0, -1, 0], [-1, 0, 1, 0, 0, -1, 0, 0], [0, 0, 0, -5, 0, 0, 0, 0], [-2, 1, 0, 0, 1, 2, -3, 0], [3, 0, -1, 0, 2, -1, 0, 0], [0, -1, 0, 0, -3, 0, 3, 0], [0, 0, 0, 0, 0, 0, 0, 0]]
========================================
Matrix at row index 26971 with 41 zeros:
[[3, 0, -1, 0, -2, 3, 0, 0], [0, -1, 0, 0, 1, 0, -1, 0], [-1, 0, 1, 0, 0, -1, 0, 0], [0, 0, 0, -5, 0, 0, 0, 0], [-2, 1, 0, 0, 1, 2, -3, 0], [3, 0, -1, 0, 2, -1, 0, 0], [0, -1, 0, 0, -3, 0, 3, 0], [0, 0, 0, 0, 0, 0, 0, 0]]
========================================
Matrix at row index 27243 with 41 zeros:
[[3, 0, -1, 0, -2, 3, 0, 0], [0, -1, 0, 0, 1, 0, -1, 0], [-1, 0, 1, 0, 0, -1, 0, 0], [0, 0, 0, -5, 0, 0, 0, 0], [-2, 1, 0, 0, 1, 2, -3, 0], [3, 0, -1, 0, 2, -1, 0, 0], [0, -1, 0, 0, -3, 0, 3, 0], [0, 0, 0, 0, 0, 0, 0, 0]]
========================================
Matrix at row index 27251 with 41 zeros:
[[3, 0, -1, 0, -2, 3, 0, 0], [0, -1, 0, 0, 1, 0, -1, 0], [-1, 0, 1, 0, 0, -1, 0, 0], [0, 0, 0, -5, 0, 0, 0, 0], [-2, 1, 0, 0, 1, 2, -3, 0], [3, 0, -1, 0, 2, -1, 0, 0], [0, -1, 0, 0, -3, 0, 3, 0], [0, 0, 0, 0, 0, 0, 0, 0]]
========================================
Matrix at row index 27324 with 41 zeros:
[[-3, 0, 0, 0, 3, -2, 0, 0], [0, 1, 0, -1, 0, 1, 0, 0], [0, 0, -5, 0, 0, 0, 5, 0], [0, -1, 0, 7, 0, -7, 0, 0], [3, 0, 0, 0, -5, 6, -2, 0], [-2, 1, 0, -7, 6, 1, 0, 0], [0, 0, 5, 0, -2, 0, -3, 0], [0, 0, 0, 0, 0, 0, 0, 0]]
========================================
Matrix at row index 27325 with 41 zeros:
[[-3, 0, 0, 0, 3, -2, 0, 0], [0, 1, 0, -1, 0, 1, 0, 0], [0, 0, -5, 0, 0, 0, 5, 0], [0, -1, 0, 7, 0, -7, 0, 0], [3, 0, 0, 0, -5, 6, -2, 0], [-2, 1, 0, -7, 6, 1, 0, 0], [0, 0, 5, 0, -2, 0, -3, 0], [0, 0, 0, 0, 0, 0, 0, 0]]
========================================
Matrix at row index 35340 with 41 zeros:
[[-3, 0, 3, 0, 0, -3, 0, 0], [0, 1, -2, 0, 1, 0, 1, 0], [3, -2, -1, 0, 0, 3, -2, 0], [0, 0, 0, -5, 0, 0, 0, 0], [0, 1, 0, 0, -1, 0, 1, 0], [-3, 0, 3, 0, 0, 1, 0, 0], [0, 1, -2, 0, 1, 0, -3, 0], [0, 0, 0, 0, 0, 0, 0, 0]]
========================================
Matrix at row index 35341 with 41 zeros:
[[-3, 0, 3, 0, 0, -3, 0, 0], [0, 1, -2, 0, 1, 0, 1, 0], [3, -2, -1, 0, 0, 3, -2, 0], [0, 0, 0, -5, 0, 0, 0, 0], [0, 1, 0, 0, -1, 0, 1, 0], [-3, 0, 3, 0, 0, 1, 0, 0], [0, 1, -2, 0, 1, 0, -3, 0], [0, 0, 0, 0, 0, 0, 0, 0]]
========================================
Matrix at row index 35620 with 41 zeros:
[[-3, 0, 3, 0, 0, -3, 0, 0], [0, 1, -2, 0, 1, 0, 1, 0], [3, -2, -1, 0, 0, 3, -2, 0], [0, 0, 0, -5, 0, 0, 0, 0], [0, 1, 0, 0, -1, 0, 1, 0], [-3, 0, 3, 0, 0, 1, 0, 0], [0, 1, -2, 0, 1, 0, -3, 0], [0, 0, 0, 0, 0, 0, 0, 0]]
========================================
Matrix at row index 35637 with 41 zeros:
[[-3, 0, 3, 0, 0, -3, 0, 0], [0, 1, -2, 0, 1, 0, 1, 0], [3, -2, -1, 0, 0, 3, -2, 0], [0, 0, 0, -5, 0, 0, 0, 0], [0, 1, 0, 0, -1, 0, 1, 0], [-3, 0, 3, 0, 0, 1, 0, 0], [0, 1, -2, 0, 1, 0, -3, 0], [0, 0, 0, 0, 0, 0, 0, 0]]
========================================
Matrix at row index 35787 with 41 zeros:
[[-3, 0, 3, 0, 0, -3, 0, 0], [0, 1, -2, 0, 1, 0, 1, 0], [3, -2, -1, 0, 0, 3, -2, 0], [0, 0, 0, -5, 0, 0, 0, 0], [0, 1, 0, 0, -1, 0, 1, 0], [-3, 0, 3, 0, 0, 1, 0, 0], [0, 1, -2, 0, 1, 0, -3, 0], [0, 0, 0, 0, 0, 0, 0, 0]]
========================================
Matrix at row index 35795 with 41 zeros:
[[-3, 0, 3, 0, 0, -3, 0, 0], [0, 1, -2, 0, 1, 0, 1, 0], [3, -2, -1, 0, 0, 3, -2, 0], [0, 0, 0, -5, 0, 0, 0, 0], [0, 1, 0, 0, -1, 0, 1, 0], [-3, 0, 3, 0, 0, 1, 0, 0], [0, 1, -2, 0, 1, 0, -3, 0], [0, 0, 0, 0, 0, 0, 0, 0]]
========================================
Matrix at row index 38390 with 41 zeros:
[[-3, 0, 0, 0, 5, 0, -2, 0], [0, -1, -6, 7, 0, -7, 6, 0], [0, -6, 5, 0, 0, 0, -5, 0], [0, 7, 0, -7, 0, 7, 0, 0], [5, 0, 0, 0, -5, 0, 0, 0], [0, -7, 0, 7, 0, -1, 0, 0], [-2, 6, -5, 0, 0, 0, 3, 0], [0, 0, 0, 0, 0, 0, 0, 0]]
========================================
Matrix at row index 38398 with 41 zeros:
[[-3, 0, 0, 0, 5, 0, -2, 0], [0, -1, -6, 7, 0, -7, 6, 0], [0, -6, 5, 0, 0, 0, -5, 0], [0, 7, 0, -7, 0, 7, 0, 0], [5, 0, 0, 0, -5, 0, 0, 0], [0, -7, 0, 7, 0, -1, 0, 0], [-2, 6, -5, 0, 0, 0, 3, 0], [0, 0, 0, 0, 0, 0, 0, 0]]
========================================
Matrix at row index 38526 with 41 zeros:
[[-3, 0, 0, 0, 5, 0, -2, 0], [0, -1, -6, 7, 0, -7, 6, 0], [0, -6, 5, 0, 0, 0, -5, 0], [0, 7, 0, -7, 0, 7, 0, 0], [5, 0, 0, 0, -5, 0, 0, 0], [0, -7, 0, 7, 0, -1, 0, 0], [-2, 6, -5, 0, 0, 0, 3, 0], [0, 0, 0, 0, 0, 0, 0, 0]]
========================================
Matrix at row index 38535 with 41 zeros:
[[-3, 0, 0, 0, 5, 0, -2, 0], [0, -1, -6, 7, 0, -7, 6, 0], [0, -6, 5, 0, 0, 0, -5, 0], [0, 7, 0, -7, 0, 7, 0, 0], [5, 0, 0, 0, -5, 0, 0, 0], [0, -7, 0, 7, 0, -1, 0, 0], [-2, 6, -5, 0, 0, 0, 3, 0], [0, 0, 0, 0, 0, 0, 0, 0]]
========================================
Matrix at row index 38700 with 41 zeros:
[[-3, 0, 0, 0, 5, 0, -2, 0], [0, -1, -6, 7, 0, -7, 6, 0], [0, -6, 5, 0, 0, 0, -5, 0], [0, 7, 0, -7, 0, 7, 0, 0], [5, 0, 0, 0, -5, 0, 0, 0], [0, -7, 0, 7, 0, -1, 0, 0], [-2, 6, -5, 0, 0, 0, 3, 0], [0, 0, 0, 0, 0, 0, 0, 0]]
========================================
Matrix at row index 38701 with 41 zeros:
[[-3, 0, 0, 0, 5, 0, -2, 0], [0, -1, -6, 7, 0, -7, 6, 0], [0, -6, 5, 0, 0, 0, -5, 0], [0, 7, 0, -7, 0, 7, 0, 0], [5, 0, 0, 0, -5, 0, 0, 0], [0, -7, 0, 7, 0, -1, 0, 0], [-2, 6, -5, 0, 0, 0, 3, 0], [0, 0, 0, 0, 0, 0, 0, 0]]
========================================
