Matrix at row index 2545 with 50 zeros:
[[0, 0, 0, -2, 0, 0, 0, 0], [0, 0, 0, 3, 0, -2, 0, 0], [0, 0, 0, 2, 0, 0, 0, 0], [-1, 3, -1, 0, 0, 3, 0, 0], [0, 0, 0, 2, 0, -4, 0, 0], [0, 0, 0, -2, 0, 4, 0, 0], [0, 0, 0, 2, 0, -4, 0, 0], [0, 0, 0, 0, 0, 0, 0, 0]]
========================================
Matrix at row index 2689 with 50 zeros:
[[0, 0, 0, -1, 0, 0, 0, 0], [0, 0, 0, 3, 0, 0, 0, 0], [0, 0, 0, -1, 0, 0, 0, 0], [-2, 3, 2, 0, 2, -2, 2, 0], [0, 0, 0, 0, 0, 0, 0, 0], [0, -2, 0, 3, -4, 4, -4, 0], [0, 0, 0, 0, 0, 0, 0, 0], [0, 0, 0, 0, 0, 0, 0, 0]]
========================================
Matrix at row index 9866 with 50 zeros:
[[0, 0, 0, -1, 0, 0, 0, 0], [0, 0, 0, 3, 0, 0, 0, 0], [0, 0, 0, -1, 0, 0, 0, 0], [-2, 3, 2, 0, 2, -2, 2, 0], [0, 0, 0, 0, 0, 0, 0, 0], [0, -2, 0, 3, -4, 4, -4, 0], [0, 0, 0, 0, 0, 0, 0, 0], [0, 0, 0, 0, 0, 0, 0, 0]]
========================================
Matrix at row index 10010 with 50 zeros:
[[0, 0, 0, -2, 0, 0, 0, 0], [0, 0, 0, 3, 0, -2, 0, 0], [0, 0, 0, 2, 0, 0, 0, 0], [-1, 3, -1, 0, 0, 3, 0, 0], [0, 0, 0, 2, 0, -4, 0, 0], [0, 0, 0, -2, 0, 4, 0, 0], [0, 0, 0, 2, 0, -4, 0, 0], [0, 0, 0, 0, 0, 0, 0, 0]]
========================================
Matrix at row index 14072 with 50 zeros:
[[0, 0, 0, -1, 0, 0, 0, 0], [0, 0, 0, 3, 0, 0, 0, 0], [0, 0, 0, -1, 0, 0, 0, 0], [-2, 3, 2, 0, 2, -2, 2, 0], [0, 0, 0, 0, 0, 0, 0, 0], [0, -2, 0, 3, -4, 4, -4, 0], [0, 0, 0, 0, 0, 0, 0, 0], [0, 0, 0, 0, 0, 0, 0, 0]]
========================================
Matrix at row index 14287 with 50 zeros:
[[0, 0, 0, -2, 0, 0, 0, 0], [0, 0, 0, 3, 0, -2, 0, 0], [0, 0, 0, 2, 0, 0, 0, 0], [-1, 3, -1, 0, 0, 3, 0, 0], [0, 0, 0, 2, 0, -4, 0, 0], [0, 0, 0, -2, 0, 4, 0, 0], [0, 0, 0, 2, 0, -4, 0, 0], [0, 0, 0, 0, 0, 0, 0, 0]]
========================================
Matrix at row index 18392 with 50 zeros:
[[0, 0, 0, -2, 0, 0, 0, 0], [0, 0, 0, 3, 0, -2, 0, 0], [0, 0, 0, 2, 0, 0, 0, 0], [-1, 3, -1, 0, 0, 3, 0, 0], [0, 0, 0, 2, 0, -4, 0, 0], [0, 0, 0, -2, 0, 4, 0, 0], [0, 0, 0, 2, 0, -4, 0, 0], [0, 0, 0, 0, 0, 0, 0, 0]]
========================================
Matrix at row index 18607 with 50 zeros:
[[0, 0, 0, -1, 0, 0, 0, 0], [0, 0, 0, 3, 0, 0, 0, 0], [0, 0, 0, -1, 0, 0, 0, 0], [-2, 3, 2, 0, 2, -2, 2, 0], [0, 0, 0, 0, 0, 0, 0, 0], [0, -2, 0, 3, -4, 4, -4, 0], [0, 0, 0, 0, 0, 0, 0, 0], [0, 0, 0, 0, 0, 0, 0, 0]]
========================================
Matrix at row index 21714 with 50 zeros:
[[0, 0, 0, 0, 0, 0, 0, 0], [4, -4, 4, -3, 0, 2, 0, 0], [0, 0, 0, 0, 0, 0, 0, 0], [-2, 2, -2, 0, -2, -3, 2, 0], [0, 0, 0, 1, 0, 0, 0, 0], [0, 0, 0, -3, 0, 0, 0, 0], [0, 0, 0, 1, 0, 0, 0, 0], [0, 0, 0, 0, 0, 0, 0, 0]]
========================================
Matrix at row index 21929 with 50 zeros:
[[0, 4, 0, -2, 0, 0, 0, 0], [0, -4, 0, 2, 0, 0, 0, 0], [0, 4, 0, -2, 0, 0, 0, 0], [0, -3, 0, 0, 1, -3, 1, 0], [0, 0, 0, -2, 0, 0, 0, 0], [0, 2, 0, -3, 0, 0, 0, 0], [0, 0, 0, 2, 0, 0, 0, 0], [0, 0, 0, 0, 0, 0, 0, 0]]
========================================
Matrix at row index 26034 with 50 zeros:
[[0, 4, 0, -2, 0, 0, 0, 0], [0, -4, 0, 2, 0, 0, 0, 0], [0, 4, 0, -2, 0, 0, 0, 0], [0, -3, 0, 0, 1, -3, 1, 0], [0, 0, 0, -2, 0, 0, 0, 0], [0, 2, 0, -3, 0, 0, 0, 0], [0, 0, 0, 2, 0, 0, 0, 0], [0, 0, 0, 0, 0, 0, 0, 0]]
========================================
Matrix at row index 26249 with 50 zeros:
[[0, 0, 0, 0, 0, 0, 0, 0], [4, -4, 4, -3, 0, 2, 0, 0], [0, 0, 0, 0, 0, 0, 0, 0], [-2, 2, -2, 0, -2, -3, 2, 0], [0, 0, 0, 1, 0, 0, 0, 0], [0, 0, 0, -3, 0, 0, 0, 0], [0, 0, 0, 1, 0, 0, 0, 0], [0, 0, 0, 0, 0, 0, 0, 0]]
========================================
Matrix at row index 30311 with 50 zeros:
[[0, 4, 0, -2, 0, 0, 0, 0], [0, -4, 0, 2, 0, 0, 0, 0], [0, 4, 0, -2, 0, 0, 0, 0], [0, -3, 0, 0, 1, -3, 1, 0], [0, 0, 0, -2, 0, 0, 0, 0], [0, 2, 0, -3, 0, 0, 0, 0], [0, 0, 0, 2, 0, 0, 0, 0], [0, 0, 0, 0, 0, 0, 0, 0]]
========================================
Matrix at row index 30455 with 50 zeros:
[[0, 0, 0, 0, 0, 0, 0, 0], [4, -4, 4, -3, 0, 2, 0, 0], [0, 0, 0, 0, 0, 0, 0, 0], [-2, 2, -2, 0, -2, -3, 2, 0], [0, 0, 0, 1, 0, 0, 0, 0], [0, 0, 0, -3, 0, 0, 0, 0], [0, 0, 0, 1, 0, 0, 0, 0], [0, 0, 0, 0, 0, 0, 0, 0]]
========================================
Matrix at row index 37632 with 50 zeros:
[[0, 0, 0, 0, 0, 0, 0, 0], [4, -4, 4, -3, 0, 2, 0, 0], [0, 0, 0, 0, 0, 0, 0, 0], [-2, 2, -2, 0, -2, -3, 2, 0], [0, 0, 0, 1, 0, 0, 0, 0], [0, 0, 0, -3, 0, 0, 0, 0], [0, 0, 0, 1, 0, 0, 0, 0], [0, 0, 0, 0, 0, 0, 0, 0]]
========================================
Matrix at row index 37776 with 50 zeros:
[[0, 4, 0, -2, 0, 0, 0, 0], [0, -4, 0, 2, 0, 0, 0, 0], [0, 4, 0, -2, 0, 0, 0, 0], [0, -3, 0, 0, 1, -3, 1, 0], [0, 0, 0, -2, 0, 0, 0, 0], [0, 2, 0, -3, 0, 0, 0, 0], [0, 0, 0, 2, 0, 0, 0, 0], [0, 0, 0, 0, 0, 0, 0, 0]]
========================================
