Matrix at row index 2647 with 57 zeros:
[[0, 0, 0, 1, 0, 0, 0, 0], [0, 0, 0, 1, 0, 0, 0, 0], [0, 0, 0, -3, 0, 0, 0, 0], [0, -1, 0, 6, 0, 0, 0, 0], [0, 0, 0, 0, 0, 0, 0, 0], [0, -2, 0, 1, 0, 0, 0, 0], [0, 0, 0, 0, 0, 0, 0, 0], [0, 0, 0, 0, 0, 0, 0, 0]]
========================================
Matrix at row index 3487 with 57 zeros:
[[0, 0, 0, 3, 0, 0, 0, 0], [0, 0, 0, -1, 0, 0, 0, 0], [0, 0, 0, -1, 0, 0, 0, 0], [0, -1, 0, 5, 0, 0, 0, 0], [0, 0, 0, 0, 0, 0, 0, 0], [0, -2, 0, 1, 0, 0, 0, 0], [0, 0, 0, 0, 0, 0, 0, 0], [0, 0, 0, 0, 0, 0, 0, 0]]
========================================
Matrix at row index 3968 with 57 zeros:
[[0, 0, 0, 1, 0, 0, 0, 0], [0, 0, 0, 1, 0, 0, 0, 0], [0, 0, 0, -3, 0, 0, 0, 0], [0, 1, 0, 5, 0, 0, 0, 0], [0, 0, 0, 0, 0, 0, 0, 0], [0, 2, 0, -1, 0, 0, 0, 0], [0, 0, 0, 0, 0, 0, 0, 0], [0, 0, 0, 0, 0, 0, 0, 0]]
========================================
Matrix at row index 4808 with 57 zeros:
[[0, 0, 0, 3, 0, 0, 0, 0], [0, 0, 0, -1, 0, 0, 0, 0], [0, 0, 0, -1, 0, 0, 0, 0], [0, 1, 0, 4, 0, 0, 0, 0], [0, 0, 0, 0, 0, 0, 0, 0], [0, 2, 0, -1, 0, 0, 0, 0], [0, 0, 0, 0, 0, 0, 0, 0], [0, 0, 0, 0, 0, 0, 0, 0]]
========================================
Matrix at row index 7681 with 57 zeros:
[[0, 0, 0, -1, 0, 0, 0, 0], [0, 0, 0, -1, 0, 0, 0, 0], [0, 0, 0, 3, 0, 0, 0, 0], [0, -3, 0, 4, 0, 0, 0, 0], [0, 0, 0, 0, 0, 0, 0, 0], [0, 2, 0, -1, 0, 0, 0, 0], [0, 0, 0, 0, 0, 0, 0, 0], [0, 0, 0, 0, 0, 0, 0, 0]]
========================================
Matrix at row index 8521 with 57 zeros:
[[0, 0, 0, -3, 0, 0, 0, 0], [0, 0, 0, 1, 0, 0, 0, 0], [0, 0, 0, 1, 0, 0, 0, 0], [0, -3, 0, 5, 0, 0, 0, 0], [0, 0, 0, 0, 0, 0, 0, 0], [0, 2, 0, -1, 0, 0, 0, 0], [0, 0, 0, 0, 0, 0, 0, 0], [0, 0, 0, 0, 0, 0, 0, 0]]
========================================
Matrix at row index 9002 with 57 zeros:
[[0, 0, 0, -1, 0, 0, 0, 0], [0, 0, 0, -1, 0, 0, 0, 0], [0, 0, 0, 3, 0, 0, 0, 0], [0, 3, 0, 1, 0, 0, 0, 0], [0, 0, 0, 0, 0, 0, 0, 0], [0, -2, 0, 1, 0, 0, 0, 0], [0, 0, 0, 0, 0, 0, 0, 0], [0, 0, 0, 0, 0, 0, 0, 0]]
========================================
Matrix at row index 9842 with 57 zeros:
[[0, 0, 0, -3, 0, 0, 0, 0], [0, 0, 0, 1, 0, 0, 0, 0], [0, 0, 0, 1, 0, 0, 0, 0], [0, 3, 0, 2, 0, 0, 0, 0], [0, 0, 0, 0, 0, 0, 0, 0], [0, -2, 0, 1, 0, 0, 0, 0], [0, 0, 0, 0, 0, 0, 0, 0], [0, 0, 0, 0, 0, 0, 0, 0]]
========================================
Matrix at row index 12775 with 57 zeros:
[[0, 0, 0, 1, 0, 0, 0, 0], [0, 0, 0, 1, 0, 0, 0, 0], [0, 0, 0, -3, 0, 0, 0, 0], [0, 1, 0, 5, 0, 0, 0, 0], [0, 0, 0, 0, 0, 0, 0, 0], [0, 2, 0, -1, 0, 0, 0, 0], [0, 0, 0, 0, 0, 0, 0, 0], [0, 0, 0, 0, 0, 0, 0, 0]]
========================================
Matrix at row index 13615 with 57 zeros:
[[0, 0, 0, 3, 0, 0, 0, 0], [0, 0, 0, -1, 0, 0, 0, 0], [0, 0, 0, -1, 0, 0, 0, 0], [0, 1, 0, 4, 0, 0, 0, 0], [0, 0, 0, 0, 0, 0, 0, 0], [0, 2, 0, -1, 0, 0, 0, 0], [0, 0, 0, 0, 0, 0, 0, 0], [0, 0, 0, 0, 0, 0, 0, 0]]
========================================
Matrix at row index 14096 with 57 zeros:
[[0, 0, 0, 1, 0, 0, 0, 0], [0, 0, 0, 1, 0, 0, 0, 0], [0, 0, 0, -3, 0, 0, 0, 0], [0, -1, 0, 6, 0, 0, 0, 0], [0, 0, 0, 0, 0, 0, 0, 0], [0, -2, 0, 1, 0, 0, 0, 0], [0, 0, 0, 0, 0, 0, 0, 0], [0, 0, 0, 0, 0, 0, 0, 0]]
========================================
Matrix at row index 14936 with 57 zeros:
[[0, 0, 0, 3, 0, 0, 0, 0], [0, 0, 0, -1, 0, 0, 0, 0], [0, 0, 0, -1, 0, 0, 0, 0], [0, -1, 0, 5, 0, 0, 0, 0], [0, 0, 0, 0, 0, 0, 0, 0], [0, -2, 0, 1, 0, 0, 0, 0], [0, 0, 0, 0, 0, 0, 0, 0], [0, 0, 0, 0, 0, 0, 0, 0]]
========================================
Matrix at row index 17809 with 57 zeros:
[[0, 0, 0, -1, 0, 0, 0, 0], [0, 0, 0, -1, 0, 0, 0, 0], [0, 0, 0, 3, 0, 0, 0, 0], [0, 3, 0, 1, 0, 0, 0, 0], [0, 0, 0, 0, 0, 0, 0, 0], [0, -2, 0, 1, 0, 0, 0, 0], [0, 0, 0, 0, 0, 0, 0, 0], [0, 0, 0, 0, 0, 0, 0, 0]]
========================================
Matrix at row index 18649 with 57 zeros:
[[0, 0, 0, -3, 0, 0, 0, 0], [0, 0, 0, 1, 0, 0, 0, 0], [0, 0, 0, 1, 0, 0, 0, 0], [0, 3, 0, 2, 0, 0, 0, 0], [0, 0, 0, 0, 0, 0, 0, 0], [0, -2, 0, 1, 0, 0, 0, 0], [0, 0, 0, 0, 0, 0, 0, 0], [0, 0, 0, 0, 0, 0, 0, 0]]
========================================
Matrix at row index 19130 with 57 zeros:
[[0, 0, 0, -1, 0, 0, 0, 0], [0, 0, 0, -1, 0, 0, 0, 0], [0, 0, 0, 3, 0, 0, 0, 0], [0, -3, 0, 4, 0, 0, 0, 0], [0, 0, 0, 0, 0, 0, 0, 0], [0, 2, 0, -1, 0, 0, 0, 0], [0, 0, 0, 0, 0, 0, 0, 0], [0, 0, 0, 0, 0, 0, 0, 0]]
========================================
Matrix at row index 19970 with 57 zeros:
[[0, 0, 0, -3, 0, 0, 0, 0], [0, 0, 0, 1, 0, 0, 0, 0], [0, 0, 0, 1, 0, 0, 0, 0], [0, -3, 0, 5, 0, 0, 0, 0], [0, 0, 0, 0, 0, 0, 0, 0], [0, 2, 0, -1, 0, 0, 0, 0], [0, 0, 0, 0, 0, 0, 0, 0], [0, 0, 0, 0, 0, 0, 0, 0]]
========================================
Matrix at row index 20351 with 57 zeros:
[[0, 0, 0, 0, 0, 0, 0, 0], [0, 0, 0, 1, 0, -2, 0, 0], [0, 0, 0, 0, 0, 0, 0, 0], [0, 0, 0, -5, 0, 3, 0, 0], [0, 0, 0, -1, 0, 0, 0, 0], [0, 0, 0, -1, 0, 0, 0, 0], [0, 0, 0, 3, 0, 0, 0, 0], [0, 0, 0, 0, 0, 0, 0, 0]]
========================================
Matrix at row index 21191 with 57 zeros:
[[0, 0, 0, 0, 0, 0, 0, 0], [0, 0, 0, 1, 0, -2, 0, 0], [0, 0, 0, 0, 0, 0, 0, 0], [0, 0, 0, -4, 0, 3, 0, 0], [0, 0, 0, -3, 0, 0, 0, 0], [0, 0, 0, 1, 0, 0, 0, 0], [0, 0, 0, 1, 0, 0, 0, 0], [0, 0, 0, 0, 0, 0, 0, 0]]
========================================
Matrix at row index 21672 with 57 zeros:
[[0, 0, 0, 0, 0, 0, 0, 0], [0, 0, 0, -1, 0, 2, 0, 0], [0, 0, 0, 0, 0, 0, 0, 0], [0, 0, 0, -2, 0, -3, 0, 0], [0, 0, 0, -1, 0, 0, 0, 0], [0, 0, 0, -1, 0, 0, 0, 0], [0, 0, 0, 3, 0, 0, 0, 0], [0, 0, 0, 0, 0, 0, 0, 0]]
========================================
Matrix at row index 22512 with 57 zeros:
[[0, 0, 0, 0, 0, 0, 0, 0], [0, 0, 0, -1, 0, 2, 0, 0], [0, 0, 0, 0, 0, 0, 0, 0], [0, 0, 0, -1, 0, -3, 0, 0], [0, 0, 0, -3, 0, 0, 0, 0], [0, 0, 0, 1, 0, 0, 0, 0], [0, 0, 0, 1, 0, 0, 0, 0], [0, 0, 0, 0, 0, 0, 0, 0]]
========================================
Matrix at row index 25385 with 57 zeros:
[[0, 0, 0, 0, 0, 0, 0, 0], [0, 0, 0, -1, 0, 2, 0, 0], [0, 0, 0, 0, 0, 0, 0, 0], [0, 0, 0, -5, 0, 1, 0, 0], [0, 0, 0, 1, 0, 0, 0, 0], [0, 0, 0, 1, 0, 0, 0, 0], [0, 0, 0, -3, 0, 0, 0, 0], [0, 0, 0, 0, 0, 0, 0, 0]]
========================================
Matrix at row index 26225 with 57 zeros:
[[0, 0, 0, 0, 0, 0, 0, 0], [0, 0, 0, -1, 0, 2, 0, 0], [0, 0, 0, 0, 0, 0, 0, 0], [0, 0, 0, -6, 0, 1, 0, 0], [0, 0, 0, 3, 0, 0, 0, 0], [0, 0, 0, -1, 0, 0, 0, 0], [0, 0, 0, -1, 0, 0, 0, 0], [0, 0, 0, 0, 0, 0, 0, 0]]
========================================
Matrix at row index 26706 with 57 zeros:
[[0, 0, 0, 0, 0, 0, 0, 0], [0, 0, 0, 1, 0, -2, 0, 0], [0, 0, 0, 0, 0, 0, 0, 0], [0, 0, 0, -4, 0, -1, 0, 0], [0, 0, 0, 1, 0, 0, 0, 0], [0, 0, 0, 1, 0, 0, 0, 0], [0, 0, 0, -3, 0, 0, 0, 0], [0, 0, 0, 0, 0, 0, 0, 0]]
========================================
Matrix at row index 27546 with 57 zeros:
[[0, 0, 0, 0, 0, 0, 0, 0], [0, 0, 0, 1, 0, -2, 0, 0], [0, 0, 0, 0, 0, 0, 0, 0], [0, 0, 0, -5, 0, -1, 0, 0], [0, 0, 0, 3, 0, 0, 0, 0], [0, 0, 0, -1, 0, 0, 0, 0], [0, 0, 0, -1, 0, 0, 0, 0], [0, 0, 0, 0, 0, 0, 0, 0]]
========================================
Matrix at row index 30479 with 57 zeros:
[[0, 0, 0, 0, 0, 0, 0, 0], [0, 0, 0, -1, 0, 2, 0, 0], [0, 0, 0, 0, 0, 0, 0, 0], [0, 0, 0, -2, 0, -3, 0, 0], [0, 0, 0, -1, 0, 0, 0, 0], [0, 0, 0, -1, 0, 0, 0, 0], [0, 0, 0, 3, 0, 0, 0, 0], [0, 0, 0, 0, 0, 0, 0, 0]]
========================================
Matrix at row index 31319 with 57 zeros:
[[0, 0, 0, 0, 0, 0, 0, 0], [0, 0, 0, -1, 0, 2, 0, 0], [0, 0, 0, 0, 0, 0, 0, 0], [0, 0, 0, -1, 0, -3, 0, 0], [0, 0, 0, -3, 0, 0, 0, 0], [0, 0, 0, 1, 0, 0, 0, 0], [0, 0, 0, 1, 0, 0, 0, 0], [0, 0, 0, 0, 0, 0, 0, 0]]
========================================
Matrix at row index 31800 with 57 zeros:
[[0, 0, 0, 0, 0, 0, 0, 0], [0, 0, 0, 1, 0, -2, 0, 0], [0, 0, 0, 0, 0, 0, 0, 0], [0, 0, 0, -5, 0, 3, 0, 0], [0, 0, 0, -1, 0, 0, 0, 0], [0, 0, 0, -1, 0, 0, 0, 0], [0, 0, 0, 3, 0, 0, 0, 0], [0, 0, 0, 0, 0, 0, 0, 0]]
========================================
Matrix at row index 32640 with 57 zeros:
[[0, 0, 0, 0, 0, 0, 0, 0], [0, 0, 0, 1, 0, -2, 0, 0], [0, 0, 0, 0, 0, 0, 0, 0], [0, 0, 0, -4, 0, 3, 0, 0], [0, 0, 0, -3, 0, 0, 0, 0], [0, 0, 0, 1, 0, 0, 0, 0], [0, 0, 0, 1, 0, 0, 0, 0], [0, 0, 0, 0, 0, 0, 0, 0]]
========================================
Matrix at row index 35513 with 57 zeros:
[[0, 0, 0, 0, 0, 0, 0, 0], [0, 0, 0, 1, 0, -2, 0, 0], [0, 0, 0, 0, 0, 0, 0, 0], [0, 0, 0, -4, 0, -1, 0, 0], [0, 0, 0, 1, 0, 0, 0, 0], [0, 0, 0, 1, 0, 0, 0, 0], [0, 0, 0, -3, 0, 0, 0, 0], [0, 0, 0, 0, 0, 0, 0, 0]]
========================================
Matrix at row index 36353 with 57 zeros:
[[0, 0, 0, 0, 0, 0, 0, 0], [0, 0, 0, 1, 0, -2, 0, 0], [0, 0, 0, 0, 0, 0, 0, 0], [0, 0, 0, -5, 0, -1, 0, 0], [0, 0, 0, 3, 0, 0, 0, 0], [0, 0, 0, -1, 0, 0, 0, 0], [0, 0, 0, -1, 0, 0, 0, 0], [0, 0, 0, 0, 0, 0, 0, 0]]
========================================
Matrix at row index 36834 with 57 zeros:
[[0, 0, 0, 0, 0, 0, 0, 0], [0, 0, 0, -1, 0, 2, 0, 0], [0, 0, 0, 0, 0, 0, 0, 0], [0, 0, 0, -5, 0, 1, 0, 0], [0, 0, 0, 1, 0, 0, 0, 0], [0, 0, 0, 1, 0, 0, 0, 0], [0, 0, 0, -3, 0, 0, 0, 0], [0, 0, 0, 0, 0, 0, 0, 0]]
========================================
Matrix at row index 37674 with 57 zeros:
[[0, 0, 0, 0, 0, 0, 0, 0], [0, 0, 0, -1, 0, 2, 0, 0], [0, 0, 0, 0, 0, 0, 0, 0], [0, 0, 0, -6, 0, 1, 0, 0], [0, 0, 0, 3, 0, 0, 0, 0], [0, 0, 0, -1, 0, 0, 0, 0], [0, 0, 0, -1, 0, 0, 0, 0], [0, 0, 0, 0, 0, 0, 0, 0]]
========================================
