Matrix at row index 8575 with 52 zeros:
[[0, 0, 0, 0, 1, -1, 1, 0], [0, 0, 0, 0, 1, -1, 1, 0], [0, 0, 0, 0, -1, 1, -1, 0], [0, 0, 0, 4, 0, 0, 0, 0], [0, 0, 0, 0, 0, 0, 0, 0], [4, -2, 0, 0, 0, 0, 0, 0], [0, 0, 0, 0, 0, 0, 0, 0], [0, 0, 0, 0, 0, 0, 0, 0]]
========================================
Matrix at row index 14335 with 52 zeros:
[[0, 0, 0, 0, 0, 4, 0, 0], [0, 0, 0, 0, 0, -2, 0, 0], [0, 0, 0, 0, 0, 0, 0, 0], [0, 0, 0, 4, 0, 0, 0, 0], [1, 1, -1, 0, 0, 0, 0, 0], [-1, -1, 1, 0, 0, 0, 0, 0], [1, 1, -1, 0, 0, 0, 0, 0], [0, 0, 0, 0, 0, 0, 0, 0]]
========================================
Matrix at row index 25986 with 52 zeros:
[[0, 0, 0, 0, 1, -1, -1, 0], [0, 0, 0, 0, -1, 1, 1, 0], [0, 0, 0, 0, 1, -1, -1, 0], [0, 0, 0, -4, 0, 0, 0, 0], [0, 0, 0, 0, 0, 0, 0, 0], [0, 2, 0, 0, 0, 0, 0, 0], [0, -4, 0, 0, 0, 0, 0, 0], [0, 0, 0, 0, 0, 0, 0, 0]]
========================================
Matrix at row index 31746 with 52 zeros:
[[0, 0, 0, 0, 0, 0, 0, 0], [0, 0, 0, 0, 0, 2, -4, 0], [0, 0, 0, 0, 0, 0, 0, 0], [0, 0, 0, -4, 0, 0, 0, 0], [1, -1, 1, 0, 0, 0, 0, 0], [-1, 1, -1, 0, 0, 0, 0, 0], [-1, 1, -1, 0, 0, 0, 0, 0], [0, 0, 0, 0, 0, 0, 0, 0]]
========================================
