Matrix at row index 2551 with 57 zeros:
[[0, 0, 0, 0, 0, 0, 0, 0], [0, 0, 0, -1, 0, -2, 0, 0], [0, 0, 0, 0, 0, 0, 0, 0], [1, 1, -3, 6, 0, 1, 0, 0], [0, 0, 0, 0, 0, 0, 0, 0], [0, 0, 0, 0, 0, 0, 0, 0], [0, 0, 0, 0, 0, 0, 0, 0], [0, 0, 0, 0, 0, 0, 0, 0]]
========================================
Matrix at row index 3272 with 57 zeros:
[[0, 0, 0, 0, 0, 0, 0, 0], [0, 0, 0, -1, 0, -2, 0, 0], [0, 0, 0, 0, 0, 0, 0, 0], [3, -1, -1, 5, 0, 1, 0, 0], [0, 0, 0, 0, 0, 0, 0, 0], [0, 0, 0, 0, 0, 0, 0, 0], [0, 0, 0, 0, 0, 0, 0, 0], [0, 0, 0, 0, 0, 0, 0, 0]]
========================================
Matrix at row index 4231 with 57 zeros:
[[0, 0, 0, 0, 0, 0, 0, 0], [0, 0, 0, 1, 0, 2, 0, 0], [0, 0, 0, 0, 0, 0, 0, 0], [1, 1, -3, 5, 0, -1, 0, 0], [0, 0, 0, 0, 0, 0, 0, 0], [0, 0, 0, 0, 0, 0, 0, 0], [0, 0, 0, 0, 0, 0, 0, 0], [0, 0, 0, 0, 0, 0, 0, 0]]
========================================
Matrix at row index 4952 with 57 zeros:
[[0, 0, 0, 0, 0, 0, 0, 0], [0, 0, 0, 1, 0, 2, 0, 0], [0, 0, 0, 0, 0, 0, 0, 0], [3, -1, -1, 4, 0, -1, 0, 0], [0, 0, 0, 0, 0, 0, 0, 0], [0, 0, 0, 0, 0, 0, 0, 0], [0, 0, 0, 0, 0, 0, 0, 0], [0, 0, 0, 0, 0, 0, 0, 0]]
========================================
Matrix at row index 7615 with 57 zeros:
[[0, 0, 0, 0, 0, 0, 0, 0], [0, 0, 0, -3, 0, 2, 0, 0], [0, 0, 0, 0, 0, 0, 0, 0], [-1, -1, 3, 4, 0, -1, 0, 0], [0, 0, 0, 0, 0, 0, 0, 0], [0, 0, 0, 0, 0, 0, 0, 0], [0, 0, 0, 0, 0, 0, 0, 0], [0, 0, 0, 0, 0, 0, 0, 0]]
========================================
Matrix at row index 8336 with 57 zeros:
[[0, 0, 0, 0, 0, 0, 0, 0], [0, 0, 0, -3, 0, 2, 0, 0], [0, 0, 0, 0, 0, 0, 0, 0], [-3, 1, 1, 5, 0, -1, 0, 0], [0, 0, 0, 0, 0, 0, 0, 0], [0, 0, 0, 0, 0, 0, 0, 0], [0, 0, 0, 0, 0, 0, 0, 0], [0, 0, 0, 0, 0, 0, 0, 0]]
========================================
Matrix at row index 9295 with 57 zeros:
[[0, 0, 0, 0, 0, 0, 0, 0], [0, 0, 0, 3, 0, -2, 0, 0], [0, 0, 0, 0, 0, 0, 0, 0], [-1, -1, 3, 1, 0, 1, 0, 0], [0, 0, 0, 0, 0, 0, 0, 0], [0, 0, 0, 0, 0, 0, 0, 0], [0, 0, 0, 0, 0, 0, 0, 0], [0, 0, 0, 0, 0, 0, 0, 0]]
========================================
Matrix at row index 10016 with 57 zeros:
[[0, 0, 0, 0, 0, 0, 0, 0], [0, 0, 0, 3, 0, -2, 0, 0], [0, 0, 0, 0, 0, 0, 0, 0], [-3, 1, 1, 2, 0, 1, 0, 0], [0, 0, 0, 0, 0, 0, 0, 0], [0, 0, 0, 0, 0, 0, 0, 0], [0, 0, 0, 0, 0, 0, 0, 0], [0, 0, 0, 0, 0, 0, 0, 0]]
========================================
Matrix at row index 12601 with 57 zeros:
[[0, 0, 0, 0, 0, 0, 0, 0], [0, 0, 0, 1, 0, 2, 0, 0], [0, 0, 0, 0, 0, 0, 0, 0], [1, 1, -3, 5, 0, -1, 0, 0], [0, 0, 0, 0, 0, 0, 0, 0], [0, 0, 0, 0, 0, 0, 0, 0], [0, 0, 0, 0, 0, 0, 0, 0], [0, 0, 0, 0, 0, 0, 0, 0]]
========================================
Matrix at row index 13322 with 57 zeros:
[[0, 0, 0, 0, 0, 0, 0, 0], [0, 0, 0, 1, 0, 2, 0, 0], [0, 0, 0, 0, 0, 0, 0, 0], [3, -1, -1, 4, 0, -1, 0, 0], [0, 0, 0, 0, 0, 0, 0, 0], [0, 0, 0, 0, 0, 0, 0, 0], [0, 0, 0, 0, 0, 0, 0, 0], [0, 0, 0, 0, 0, 0, 0, 0]]
========================================
Matrix at row index 14281 with 57 zeros:
[[0, 0, 0, 0, 0, 0, 0, 0], [0, 0, 0, -1, 0, -2, 0, 0], [0, 0, 0, 0, 0, 0, 0, 0], [1, 1, -3, 6, 0, 1, 0, 0], [0, 0, 0, 0, 0, 0, 0, 0], [0, 0, 0, 0, 0, 0, 0, 0], [0, 0, 0, 0, 0, 0, 0, 0], [0, 0, 0, 0, 0, 0, 0, 0]]
========================================
Matrix at row index 15002 with 57 zeros:
[[0, 0, 0, 0, 0, 0, 0, 0], [0, 0, 0, -1, 0, -2, 0, 0], [0, 0, 0, 0, 0, 0, 0, 0], [3, -1, -1, 5, 0, 1, 0, 0], [0, 0, 0, 0, 0, 0, 0, 0], [0, 0, 0, 0, 0, 0, 0, 0], [0, 0, 0, 0, 0, 0, 0, 0], [0, 0, 0, 0, 0, 0, 0, 0]]
========================================
Matrix at row index 17665 with 57 zeros:
[[0, 0, 0, 0, 0, 0, 0, 0], [0, 0, 0, 3, 0, -2, 0, 0], [0, 0, 0, 0, 0, 0, 0, 0], [-1, -1, 3, 1, 0, 1, 0, 0], [0, 0, 0, 0, 0, 0, 0, 0], [0, 0, 0, 0, 0, 0, 0, 0], [0, 0, 0, 0, 0, 0, 0, 0], [0, 0, 0, 0, 0, 0, 0, 0]]
========================================
Matrix at row index 18386 with 57 zeros:
[[0, 0, 0, 0, 0, 0, 0, 0], [0, 0, 0, 3, 0, -2, 0, 0], [0, 0, 0, 0, 0, 0, 0, 0], [-3, 1, 1, 2, 0, 1, 0, 0], [0, 0, 0, 0, 0, 0, 0, 0], [0, 0, 0, 0, 0, 0, 0, 0], [0, 0, 0, 0, 0, 0, 0, 0], [0, 0, 0, 0, 0, 0, 0, 0]]
========================================
Matrix at row index 19345 with 57 zeros:
[[0, 0, 0, 0, 0, 0, 0, 0], [0, 0, 0, -3, 0, 2, 0, 0], [0, 0, 0, 0, 0, 0, 0, 0], [-1, -1, 3, 4, 0, -1, 0, 0], [0, 0, 0, 0, 0, 0, 0, 0], [0, 0, 0, 0, 0, 0, 0, 0], [0, 0, 0, 0, 0, 0, 0, 0], [0, 0, 0, 0, 0, 0, 0, 0]]
========================================
Matrix at row index 20066 with 57 zeros:
[[0, 0, 0, 0, 0, 0, 0, 0], [0, 0, 0, -3, 0, 2, 0, 0], [0, 0, 0, 0, 0, 0, 0, 0], [-3, 1, 1, 5, 0, -1, 0, 0], [0, 0, 0, 0, 0, 0, 0, 0], [0, 0, 0, 0, 0, 0, 0, 0], [0, 0, 0, 0, 0, 0, 0, 0], [0, 0, 0, 0, 0, 0, 0, 0]]
========================================
Matrix at row index 20255 with 57 zeros:
[[0, 0, 0, 0, 0, 0, 0, 0], [0, 0, 0, 0, 0, 0, 0, 0], [0, 0, 0, 0, 0, 0, 0, 0], [0, 1, 0, -5, -1, -1, 3, 0], [0, 0, 0, 0, 0, 0, 0, 0], [0, -2, 0, 3, 0, 0, 0, 0], [0, 0, 0, 0, 0, 0, 0, 0], [0, 0, 0, 0, 0, 0, 0, 0]]
========================================
Matrix at row index 20976 with 57 zeros:
[[0, 0, 0, 0, 0, 0, 0, 0], [0, 0, 0, 0, 0, 0, 0, 0], [0, 0, 0, 0, 0, 0, 0, 0], [0, 1, 0, -4, -3, 1, 1, 0], [0, 0, 0, 0, 0, 0, 0, 0], [0, -2, 0, 3, 0, 0, 0, 0], [0, 0, 0, 0, 0, 0, 0, 0], [0, 0, 0, 0, 0, 0, 0, 0]]
========================================
Matrix at row index 21935 with 57 zeros:
[[0, 0, 0, 0, 0, 0, 0, 0], [0, 0, 0, 0, 0, 0, 0, 0], [0, 0, 0, 0, 0, 0, 0, 0], [0, -1, 0, -2, -1, -1, 3, 0], [0, 0, 0, 0, 0, 0, 0, 0], [0, 2, 0, -3, 0, 0, 0, 0], [0, 0, 0, 0, 0, 0, 0, 0], [0, 0, 0, 0, 0, 0, 0, 0]]
========================================
Matrix at row index 22656 with 57 zeros:
[[0, 0, 0, 0, 0, 0, 0, 0], [0, 0, 0, 0, 0, 0, 0, 0], [0, 0, 0, 0, 0, 0, 0, 0], [0, -1, 0, -1, -3, 1, 1, 0], [0, 0, 0, 0, 0, 0, 0, 0], [0, 2, 0, -3, 0, 0, 0, 0], [0, 0, 0, 0, 0, 0, 0, 0], [0, 0, 0, 0, 0, 0, 0, 0]]
========================================
Matrix at row index 25319 with 57 zeros:
[[0, 0, 0, 0, 0, 0, 0, 0], [0, 0, 0, 0, 0, 0, 0, 0], [0, 0, 0, 0, 0, 0, 0, 0], [0, -1, 0, -5, 1, 1, -3, 0], [0, 0, 0, 0, 0, 0, 0, 0], [0, 2, 0, 1, 0, 0, 0, 0], [0, 0, 0, 0, 0, 0, 0, 0], [0, 0, 0, 0, 0, 0, 0, 0]]
========================================
Matrix at row index 26040 with 57 zeros:
[[0, 0, 0, 0, 0, 0, 0, 0], [0, 0, 0, 0, 0, 0, 0, 0], [0, 0, 0, 0, 0, 0, 0, 0], [0, -1, 0, -6, 3, -1, -1, 0], [0, 0, 0, 0, 0, 0, 0, 0], [0, 2, 0, 1, 0, 0, 0, 0], [0, 0, 0, 0, 0, 0, 0, 0], [0, 0, 0, 0, 0, 0, 0, 0]]
========================================
Matrix at row index 26999 with 57 zeros:
[[0, 0, 0, 0, 0, 0, 0, 0], [0, 0, 0, 0, 0, 0, 0, 0], [0, 0, 0, 0, 0, 0, 0, 0], [0, 1, 0, -4, 1, 1, -3, 0], [0, 0, 0, 0, 0, 0, 0, 0], [0, -2, 0, -1, 0, 0, 0, 0], [0, 0, 0, 0, 0, 0, 0, 0], [0, 0, 0, 0, 0, 0, 0, 0]]
========================================
Matrix at row index 27720 with 57 zeros:
[[0, 0, 0, 0, 0, 0, 0, 0], [0, 0, 0, 0, 0, 0, 0, 0], [0, 0, 0, 0, 0, 0, 0, 0], [0, 1, 0, -5, 3, -1, -1, 0], [0, 0, 0, 0, 0, 0, 0, 0], [0, -2, 0, -1, 0, 0, 0, 0], [0, 0, 0, 0, 0, 0, 0, 0], [0, 0, 0, 0, 0, 0, 0, 0]]
========================================
Matrix at row index 30305 with 57 zeros:
[[0, 0, 0, 0, 0, 0, 0, 0], [0, 0, 0, 0, 0, 0, 0, 0], [0, 0, 0, 0, 0, 0, 0, 0], [0, -1, 0, -2, -1, -1, 3, 0], [0, 0, 0, 0, 0, 0, 0, 0], [0, 2, 0, -3, 0, 0, 0, 0], [0, 0, 0, 0, 0, 0, 0, 0], [0, 0, 0, 0, 0, 0, 0, 0]]
========================================
Matrix at row index 31026 with 57 zeros:
[[0, 0, 0, 0, 0, 0, 0, 0], [0, 0, 0, 0, 0, 0, 0, 0], [0, 0, 0, 0, 0, 0, 0, 0], [0, -1, 0, -1, -3, 1, 1, 0], [0, 0, 0, 0, 0, 0, 0, 0], [0, 2, 0, -3, 0, 0, 0, 0], [0, 0, 0, 0, 0, 0, 0, 0], [0, 0, 0, 0, 0, 0, 0, 0]]
========================================
Matrix at row index 31985 with 57 zeros:
[[0, 0, 0, 0, 0, 0, 0, 0], [0, 0, 0, 0, 0, 0, 0, 0], [0, 0, 0, 0, 0, 0, 0, 0], [0, 1, 0, -5, -1, -1, 3, 0], [0, 0, 0, 0, 0, 0, 0, 0], [0, -2, 0, 3, 0, 0, 0, 0], [0, 0, 0, 0, 0, 0, 0, 0], [0, 0, 0, 0, 0, 0, 0, 0]]
========================================
Matrix at row index 32706 with 57 zeros:
[[0, 0, 0, 0, 0, 0, 0, 0], [0, 0, 0, 0, 0, 0, 0, 0], [0, 0, 0, 0, 0, 0, 0, 0], [0, 1, 0, -4, -3, 1, 1, 0], [0, 0, 0, 0, 0, 0, 0, 0], [0, -2, 0, 3, 0, 0, 0, 0], [0, 0, 0, 0, 0, 0, 0, 0], [0, 0, 0, 0, 0, 0, 0, 0]]
========================================
Matrix at row index 35369 with 57 zeros:
[[0, 0, 0, 0, 0, 0, 0, 0], [0, 0, 0, 0, 0, 0, 0, 0], [0, 0, 0, 0, 0, 0, 0, 0], [0, 1, 0, -4, 1, 1, -3, 0], [0, 0, 0, 0, 0, 0, 0, 0], [0, -2, 0, -1, 0, 0, 0, 0], [0, 0, 0, 0, 0, 0, 0, 0], [0, 0, 0, 0, 0, 0, 0, 0]]
========================================
Matrix at row index 36090 with 57 zeros:
[[0, 0, 0, 0, 0, 0, 0, 0], [0, 0, 0, 0, 0, 0, 0, 0], [0, 0, 0, 0, 0, 0, 0, 0], [0, 1, 0, -5, 3, -1, -1, 0], [0, 0, 0, 0, 0, 0, 0, 0], [0, -2, 0, -1, 0, 0, 0, 0], [0, 0, 0, 0, 0, 0, 0, 0], [0, 0, 0, 0, 0, 0, 0, 0]]
========================================
Matrix at row index 37049 with 57 zeros:
[[0, 0, 0, 0, 0, 0, 0, 0], [0, 0, 0, 0, 0, 0, 0, 0], [0, 0, 0, 0, 0, 0, 0, 0], [0, -1, 0, -5, 1, 1, -3, 0], [0, 0, 0, 0, 0, 0, 0, 0], [0, 2, 0, 1, 0, 0, 0, 0], [0, 0, 0, 0, 0, 0, 0, 0], [0, 0, 0, 0, 0, 0, 0, 0]]
========================================
Matrix at row index 37770 with 57 zeros:
[[0, 0, 0, 0, 0, 0, 0, 0], [0, 0, 0, 0, 0, 0, 0, 0], [0, 0, 0, 0, 0, 0, 0, 0], [0, -1, 0, -6, 3, -1, -1, 0], [0, 0, 0, 0, 0, 0, 0, 0], [0, 2, 0, 1, 0, 0, 0, 0], [0, 0, 0, 0, 0, 0, 0, 0], [0, 0, 0, 0, 0, 0, 0, 0]]
========================================
