Matrix at row index 3488 with 52 zeros:
[[0, 0, 0, 2, 2, -1, 0, 0], [0, 1, 0, -1, 0, 0, 0, 0], [0, -2, 0, 0, -2, 1, 0, 0], [0, 0, 0, 5, 0, 0, 0, 0], [0, 0, 0, 0, 0, 0, 0, 0], [0, -2, 0, 0, 2, -1, 0, 0], [0, 0, 0, 0, 0, 0, 0, 0], [0, 0, 0, 0, 0, 0, 0, 0]]
========================================
Matrix at row index 18530 with 52 zeros:
[[0, 0, 0, 0, -2, 1, 0, 0], [0, -1, 0, 0, 0, 0, 0, 0], [0, 2, 0, 0, 2, -1, 0, 0], [0, 2, 0, 2, 0, 0, 0, 0], [0, 0, 0, 0, 0, 0, 0, 0], [0, -2, 0, 2, -2, 1, 0, 0], [0, 0, 0, 0, 0, 0, 0, 0], [0, 0, 0, 0, 0, 0, 0, 0]]
========================================
Matrix at row index 18650 with 52 zeros:
[[0, -2, 0, 0, -2, 1, 0, 0], [0, 1, 0, 0, 0, 0, 0, 0], [0, 0, 0, 0, 2, -1, 0, 0], [0, 3, 0, 2, 0, 0, 0, 0], [0, 0, 0, 0, 0, 0, 0, 0], [0, -2, 0, 2, -2, 1, 0, 0], [0, 0, 0, 0, 0, 0, 0, 0], [0, 0, 0, 0, 0, 0, 0, 0]]
========================================
Matrix at row index 21671 with 52 zeros:
[[0, 0, 0, 0, 0, 0, 0, 0], [0, -1, 2, -2, 0, 2, 0, 0], [0, 0, 0, 0, 0, 0, 0, 0], [0, 0, 0, -2, 0, -3, 0, 0], [0, 1, -2, 0, 0, 0, 0, 0], [0, 0, 0, 0, 0, -1, 0, 0], [0, -1, 2, 0, 0, 2, 0, 0], [0, 0, 0, 0, 0, 0, 0, 0]]
========================================
Matrix at row index 21791 with 52 zeros:
[[0, 0, 0, 0, 0, 0, 0, 0], [0, -1, 2, -2, 0, 2, 0, 0], [0, 0, 0, 0, 0, 0, 0, 0], [0, 0, 0, -2, 0, -2, 0, 0], [0, 1, -2, 0, 0, -2, 0, 0], [0, 0, 0, 0, 0, 1, 0, 0], [0, -1, 2, 0, 0, 0, 0, 0], [0, 0, 0, 0, 0, 0, 0, 0]]
========================================
Matrix at row index 36833 with 52 zeros:
[[0, 0, 0, 0, 0, 0, 0, 0], [0, 1, -2, 0, 0, 2, 0, 0], [0, 0, 0, 0, 0, 0, 0, 0], [0, 0, 0, -5, 0, 0, 0, 0], [0, -1, 2, 0, 0, 2, 0, 0], [0, 0, 0, 1, 0, -1, 0, 0], [0, 1, -2, -2, 0, 0, 0, 0], [0, 0, 0, 0, 0, 0, 0, 0]]
========================================
