Operation Table:
[[2,2,3,3],[1,1,0,0],[1,1,0,0],[2,2,3,3]]

Adjacency Matrix:
[[1,1,1,1],[1,1,0,1],[1,1,1,0],[1,0,1,1]]
Operation Table:
[[2,2,3,3],[1,1,0,0],[1,1,0,0],[2,2,3,3]]

Adjacency Matrix:
[[0,1,1,1],[1,1,0,1],[1,1,1,0],[1,0,1,1]]
Operation Table:
[[2,2,3,3],[1,1,0,0],[1,1,0,0],[2,2,3,3]]

Adjacency Matrix:
[[1,1,1,1],[1,1,0,1],[1,1,0,0],[1,0,1,1]]
Operation Table:
[[2,2,3,3],[1,1,0,0],[1,1,0,0],[2,2,3,3]]

Adjacency Matrix:
[[0,1,1,1],[1,1,0,1],[1,1,0,0],[1,0,1,1]]
Operation Table:
[[2,2,3,3],[1,1,0,0],[1,1,0,0],[2,2,3,3]]

Adjacency Matrix:
[[1,1,1,1],[1,1,1,0],[1,1,1,1],[1,0,1,1]]
Operation Table:
[[2,2,3,3],[1,1,0,0],[1,1,0,0],[2,2,3,3]]

Adjacency Matrix:
[[1,1,1,1],[1,1,1,0],[1,1,0,1],[1,0,1,1]]
Operation Table:
[[2,2,3,3],[1,1,0,0],[1,1,0,0],[2,2,3,3]]

Adjacency Matrix:
[[1,1,1,1],[1,1,1,1],[1,1,1,1],[1,1,1,1]]
Operation Table:
[[2,2,3,3],[1,1,0,0],[1,1,0,0],[2,2,3,3]]

Adjacency Matrix:
[[1,1,1,1],[1,1,1,1],[1,1,0,1],[1,1,1,1]]
Operation Table:
[[2,2,3,3],[1,1,0,0],[1,1,0,0],[2,2,3,3]]

Adjacency Matrix:
[[0,1,1,1],[1,1,1,0],[1,1,1,1],[1,0,1,1]]
Operation Table:
[[2,2,3,3],[1,1,0,0],[1,1,0,0],[2,2,3,3]]

Adjacency Matrix:
[[0,1,1,1],[1,1,1,1],[1,1,1,1],[1,1,1,1]]
Operation Table:
[[2,2,3,3],[1,1,0,0],[1,1,0,0],[2,2,3,3]]

Adjacency Matrix:
[[0,1,1,1],[1,1,1,0],[1,1,0,1],[1,0,1,1]]
Operation Table:
[[2,2,3,3],[1,1,0,0],[1,1,0,0],[2,2,3,3]]

Adjacency Matrix:
[[0,1,1,1],[1,1,1,1],[1,1,0,1],[1,1,1,1]]
Operation Table:
[[2,2,3,3],[1,1,0,0],[1,1,0,0],[2,2,3,3]]

Adjacency Matrix:
[[1,0,1,1],[1,1,0,0],[1,1,1,0],[0,0,1,1]]
Operation Table:
[[2,2,3,3],[1,1,0,0],[1,1,0,0],[2,2,3,3]]

Adjacency Matrix:
[[0,0,1,1],[1,1,0,0],[1,1,1,0],[0,0,1,1]]
Operation Table:
[[2,2,3,3],[1,1,0,0],[1,1,0,0],[2,2,3,3]]

Adjacency Matrix:
[[1,0,1,1],[1,1,0,0],[1,1,0,0],[0,0,1,1]]
Operation Table:
[[2,2,3,3],[1,1,0,0],[1,1,0,0],[2,2,3,3]]

Adjacency Matrix:
[[0,0,1,1],[1,1,0,0],[1,1,0,0],[0,0,1,1]]
Operation Table:
[[2,2,3,3],[1,1,0,0],[1,1,0,0],[2,2,3,3]]

Adjacency Matrix:
[[1,0,1,1],[1,1,0,1],[1,1,1,0],[0,1,1,1]]
Operation Table:
[[2,2,3,3],[1,1,0,0],[1,1,0,0],[2,2,3,3]]

Adjacency Matrix:
[[1,0,1,1],[1,1,1,0],[1,1,1,1],[0,1,1,1]]
Operation Table:
[[2,2,3,3],[1,1,0,0],[1,1,0,0],[2,2,3,3]]

Adjacency Matrix:
[[1,0,1,1],[1,1,0,1],[1,1,0,0],[0,1,1,1]]
Operation Table:
[[2,2,3,3],[1,1,0,0],[1,1,0,0],[2,2,3,3]]

Adjacency Matrix:
[[1,0,1,1],[1,1,1,0],[1,1,0,1],[0,1,1,1]]
Operation Table:
[[2,2,3,3],[1,1,0,0],[1,1,0,0],[2,2,3,3]]

Adjacency Matrix:
[[0,0,1,1],[1,1,0,1],[1,1,1,0],[0,1,1,1]]
Operation Table:
[[2,2,3,3],[1,1,0,0],[1,1,0,0],[2,2,3,3]]

Adjacency Matrix:
[[0,0,1,1],[1,1,1,0],[1,1,1,1],[0,1,1,1]]
Operation Table:
[[2,2,3,3],[1,1,0,0],[1,1,0,0],[2,2,3,3]]

Adjacency Matrix:
[[0,0,1,1],[1,1,0,1],[1,1,0,0],[0,1,1,1]]
Operation Table:
[[2,2,3,3],[1,1,0,0],[1,1,0,0],[2,2,3,3]]

Adjacency Matrix:
[[0,0,1,1],[1,1,1,0],[1,1,0,1],[0,1,1,1]]
Operation Table:
[[0,0,1,1],[2,2,3,3],[0,0,1,1],[2,2,3,3]]

Adjacency Matrix:
[[1,1,1,1],[1,1,1,1],[1,1,1,1],[1,1,1,1]]
Operation Table:
[[0,0,1,1],[2,2,3,3],[0,0,1,1],[2,2,3,3]]

Adjacency Matrix:
[[1,1,1,1],[1,1,1,1],[1,1,0,1],[1,1,1,1]]
Operation Table:
[[0,0,1,1],[2,2,3,3],[0,0,1,1],[2,2,3,3]]

Adjacency Matrix:
[[1,1,0,1],[1,1,1,1],[1,1,1,0],[0,1,1,1]]
Operation Table:
[[0,0,1,1],[2,2,3,3],[0,0,1,1],[2,2,3,3]]

Adjacency Matrix:
[[1,1,0,1],[1,1,1,1],[1,1,0,0],[0,1,1,1]]
Operation Table:
[[0,0,1,1],[2,2,3,3],[0,0,1,1],[2,2,3,3]]

Adjacency Matrix:
[[1,1,1,0],[1,1,1,1],[1,1,1,1],[0,1,1,1]]
Operation Table:
[[0,0,1,1],[2,2,3,3],[0,0,1,1],[2,2,3,3]]

Adjacency Matrix:
[[1,1,1,0],[1,1,1,1],[1,1,0,1],[0,1,1,1]]
Operation Table:
[[0,0,1,1],[2,2,3,3],[0,0,1,1],[2,2,3,3]]

Adjacency Matrix:
[[1,1,1,0],[0,1,1,1],[1,1,1,1],[1,0,1,1]]
Operation Table:
[[0,0,1,1],[2,2,3,3],[0,0,1,1],[2,2,3,3]]

Adjacency Matrix:
[[1,1,1,0],[0,1,1,1],[1,1,0,1],[1,0,1,1]]
Operation Table:
[[0,0,1,1],[2,2,3,3],[0,0,1,1],[2,2,3,3]]

Adjacency Matrix:
[[1,1,0,1],[0,1,1,1],[1,1,1,0],[1,0,1,1]]
Operation Table:
[[0,0,1,1],[2,2,3,3],[0,0,1,1],[2,2,3,3]]

Adjacency Matrix:
[[1,1,0,0],[0,1,1,1],[1,1,1,0],[0,0,1,1]]
Operation Table:
[[0,0,1,1],[2,2,3,3],[0,0,1,1],[2,2,3,3]]

Adjacency Matrix:
[[1,1,0,1],[0,1,1,1],[1,1,0,0],[1,0,1,1]]
Operation Table:
[[0,0,1,1],[2,2,3,3],[0,0,1,1],[2,2,3,3]]

Adjacency Matrix:
[[1,1,0,0],[0,1,1,1],[1,1,0,0],[0,0,1,1]]
Operation Table:
[[0,0,1,1],[2,2,3,3],[0,0,1,1],[2,2,3,3]]

Adjacency Matrix:
[[1,1,1,1],[1,0,1,1],[1,1,1,1],[1,1,1,1]]
Operation Table:
[[0,0,1,1],[2,2,3,3],[0,0,1,1],[2,2,3,3]]

Adjacency Matrix:
[[1,1,0,1],[1,0,1,1],[1,1,1,0],[0,1,1,1]]
Operation Table:
[[0,0,1,1],[2,2,3,3],[0,0,1,1],[2,2,3,3]]

Adjacency Matrix:
[[1,1,0,1],[0,0,1,1],[1,1,1,0],[1,0,1,1]]
Operation Table:
[[0,0,1,1],[2,2,3,3],[0,0,1,1],[2,2,3,3]]

Adjacency Matrix:
[[1,1,1,1],[1,0,1,1],[1,1,0,1],[1,1,1,1]]
Operation Table:
[[0,0,1,1],[2,2,3,3],[0,0,1,1],[2,2,3,3]]

Adjacency Matrix:
[[1,1,0,1],[1,0,1,1],[1,1,0,0],[0,1,1,1]]
Operation Table:
[[0,0,1,1],[2,2,3,3],[0,0,1,1],[2,2,3,3]]

Adjacency Matrix:
[[1,1,0,1],[0,0,1,1],[1,1,0,0],[1,0,1,1]]
Operation Table:
[[0,0,1,1],[2,2,3,3],[0,0,1,1],[2,2,3,3]]

Adjacency Matrix:
[[1,1,1,0],[1,0,1,1],[1,1,1,1],[0,1,1,1]]
Operation Table:
[[0,0,1,1],[2,2,3,3],[0,0,1,1],[2,2,3,3]]

Adjacency Matrix:
[[1,1,1,0],[1,0,1,1],[1,1,0,1],[0,1,1,1]]
Operation Table:
[[0,0,1,1],[2,2,3,3],[0,0,1,1],[2,2,3,3]]

Adjacency Matrix:
[[1,1,1,0],[0,0,1,1],[1,1,1,1],[1,0,1,1]]
Operation Table:
[[0,0,1,1],[2,2,3,3],[0,0,1,1],[2,2,3,3]]

Adjacency Matrix:
[[1,1,0,0],[0,0,1,1],[1,1,1,0],[0,0,1,1]]
Operation Table:
[[0,0,1,1],[2,2,3,3],[0,0,1,1],[2,2,3,3]]

Adjacency Matrix:
[[1,1,1,0],[0,0,1,1],[1,1,0,1],[1,0,1,1]]
Operation Table:
[[0,0,1,1],[2,2,3,3],[0,0,1,1],[2,2,3,3]]

Adjacency Matrix:
[[1,1,0,0],[0,0,1,1],[1,1,0,0],[0,0,1,1]]
Operation Table:
[[2,3,3,2],[3,3,3,3],[3,3,0,0],[2,3,0,1]]

Adjacency Matrix:
[[1,1,1,1],[1,1,1,1],[1,1,1,1],[1,1,1,1]]
Operation Table:
[[2,3,3,2],[3,3,3,3],[3,3,0,0],[2,3,0,1]]

Adjacency Matrix:
[[1,1,1,1],[1,0,1,1],[1,1,1,1],[1,1,1,1]]
Operation Table:
[[2,3,3,2],[3,3,3,3],[3,3,0,0],[2,3,0,1]]

Adjacency Matrix:
[[1,1,1,1],[1,1,1,1],[1,1,0,1],[1,1,1,1]]
Operation Table:
[[2,3,3,2],[3,3,3,3],[3,3,0,0],[2,3,0,1]]

Adjacency Matrix:
[[1,1,1,1],[1,0,1,1],[1,1,0,1],[1,1,1,1]]
Operation Table:
[[2,3,3,2],[3,3,3,3],[3,3,0,0],[2,3,0,1]]

Adjacency Matrix:
[[1,0,1,1],[0,1,1,1],[1,1,1,1],[1,1,1,1]]
Operation Table:
[[2,3,3,2],[3,3,3,3],[3,3,0,0],[2,3,0,1]]

Adjacency Matrix:
[[1,0,1,1],[0,1,1,1],[1,1,0,1],[1,1,1,1]]
Operation Table:
[[2,3,3,2],[3,3,3,3],[3,3,0,0],[2,3,0,1]]

Adjacency Matrix:
[[1,0,1,1],[0,0,1,1],[1,1,1,1],[1,1,1,1]]
Operation Table:
[[2,3,3,2],[3,3,3,3],[3,3,0,0],[2,3,0,1]]

Adjacency Matrix:
[[1,0,1,1],[0,0,1,1],[1,1,0,1],[1,1,1,1]]
Operation Table:
[[2,3,3,2],[3,3,3,3],[3,3,0,0],[2,3,0,1]]

Adjacency Matrix:
[[0,1,1,1],[1,1,1,1],[1,1,1,1],[1,1,1,1]]
Operation Table:
[[2,3,3,2],[3,3,3,3],[3,3,0,0],[2,3,0,1]]

Adjacency Matrix:
[[0,0,1,1],[0,1,1,1],[1,1,1,1],[1,1,1,1]]
Operation Table:
[[2,3,3,2],[3,3,3,3],[3,3,0,0],[2,3,0,1]]

Adjacency Matrix:
[[0,1,1,1],[1,0,1,1],[1,1,1,1],[1,1,1,1]]
Operation Table:
[[2,3,3,2],[3,3,3,3],[3,3,0,0],[2,3,0,1]]

Adjacency Matrix:
[[0,0,1,1],[0,0,1,1],[1,1,1,1],[1,1,1,1]]
Operation Table:
[[2,3,3,2],[3,3,3,3],[3,3,0,0],[2,3,0,1]]

Adjacency Matrix:
[[0,1,1,1],[1,1,1,1],[1,1,0,1],[1,1,1,1]]
Operation Table:
[[2,3,3,2],[3,3,3,3],[3,3,0,0],[2,3,0,1]]

Adjacency Matrix:
[[0,0,1,1],[0,1,1,1],[1,1,0,1],[1,1,1,1]]
Operation Table:
[[2,3,3,2],[3,3,3,3],[3,3,0,0],[2,3,0,1]]

Adjacency Matrix:
[[0,1,1,1],[1,0,1,1],[1,1,0,1],[1,1,1,1]]
Operation Table:
[[2,3,3,2],[3,3,3,3],[3,3,0,0],[2,3,0,1]]

Adjacency Matrix:
[[0,0,1,1],[0,0,1,1],[1,1,0,1],[1,1,1,1]]
Operation Table:
[[2,3,3,2],[3,3,3,3],[3,3,0,0],[2,3,0,1]]

Adjacency Matrix:
[[0,1,1,1],[1,1,0,1],[1,0,1,1],[1,1,1,1]]
Operation Table:
[[2,3,3,2],[3,3,3,3],[3,3,0,0],[2,3,0,1]]

Adjacency Matrix:
[[1,1,1,1],[1,1,0,1],[1,0,1,1],[1,1,1,1]]
Operation Table:
[[2,3,3,2],[3,3,3,3],[3,3,0,0],[2,3,0,1]]

Adjacency Matrix:
[[0,1,1,1],[1,1,0,1],[1,0,0,1],[1,1,1,1]]
Operation Table:
[[2,3,3,2],[3,3,3,3],[3,3,0,0],[2,3,0,1]]

Adjacency Matrix:
[[1,1,1,1],[1,1,0,1],[1,0,0,1],[1,1,1,1]]
Operation Table:
[[2,3,3,2],[3,3,3,3],[3,3,0,0],[2,3,0,1]]

Adjacency Matrix:
[[0,1,1,1],[1,0,0,1],[1,0,1,1],[1,1,1,1]]
Operation Table:
[[2,3,3,2],[3,3,3,3],[3,3,0,0],[2,3,0,1]]

Adjacency Matrix:
[[1,1,1,1],[1,0,0,1],[1,0,1,1],[1,1,1,1]]
Operation Table:
[[2,3,3,2],[3,3,3,3],[3,3,0,0],[2,3,0,1]]

Adjacency Matrix:
[[0,1,1,1],[1,0,0,1],[1,0,0,1],[1,1,1,1]]
Operation Table:
[[2,3,3,2],[3,3,3,3],[3,3,0,0],[2,3,0,1]]

Adjacency Matrix:
[[1,1,1,1],[1,0,0,1],[1,0,0,1],[1,1,1,1]]
Operation Table:
[[2,3,3,2],[3,3,3,3],[3,3,0,0],[2,3,0,1]]

Adjacency Matrix:
[[0,0,1,1],[0,1,0,1],[1,0,1,1],[1,1,1,1]]
Operation Table:
[[2,3,3,2],[3,3,3,3],[3,3,0,0],[2,3,0,1]]

Adjacency Matrix:
[[0,0,1,1],[0,0,0,1],[1,0,1,1],[1,1,1,1]]
Operation Table:
[[2,3,3,2],[3,3,3,3],[3,3,0,0],[2,3,0,1]]

Adjacency Matrix:
[[0,0,1,1],[0,1,0,1],[1,0,0,1],[1,1,1,1]]
Operation Table:
[[2,3,3,2],[3,3,3,3],[3,3,0,0],[2,3,0,1]]

Adjacency Matrix:
[[0,0,1,1],[0,0,0,1],[1,0,0,1],[1,1,1,1]]
Operation Table:
[[2,3,3,2],[3,3,3,3],[3,3,0,0],[2,3,0,1]]

Adjacency Matrix:
[[1,0,1,1],[0,1,0,1],[1,0,1,1],[1,1,1,1]]
Operation Table:
[[2,3,3,2],[3,3,3,3],[3,3,0,0],[2,3,0,1]]

Adjacency Matrix:
[[1,0,1,1],[0,1,0,1],[1,0,0,1],[1,1,1,1]]
Operation Table:
[[2,3,3,2],[3,3,3,3],[3,3,0,0],[2,3,0,1]]

Adjacency Matrix:
[[1,0,1,1],[0,0,0,1],[1,0,1,1],[1,1,1,1]]
Operation Table:
[[2,3,3,2],[3,3,3,3],[3,3,0,0],[2,3,0,1]]

Adjacency Matrix:
[[1,0,1,1],[0,0,0,1],[1,0,0,1],[1,1,1,1]]
Operation Table:
[[1,2,2,1],[3,0,0,3],[1,2,2,1],[3,0,0,3]]

Adjacency Matrix:
[[0,1,1,1],[1,1,1,1],[1,1,1,1],[1,1,1,1]]
Operation Table:
[[1,2,2,1],[3,0,0,3],[1,2,2,1],[3,0,0,3]]

Adjacency Matrix:
[[1,1,1,1],[1,1,1,1],[1,1,1,1],[1,1,1,1]]
Operation Table:
[[1,2,2,1],[3,0,0,3],[1,2,2,1],[3,0,0,3]]

Adjacency Matrix:
[[0,1,1,1],[1,0,1,1],[1,1,1,1],[1,1,1,1]]
Operation Table:
[[1,2,2,1],[3,0,0,3],[1,2,2,1],[3,0,0,3]]

Adjacency Matrix:
[[1,1,1,1],[1,0,1,1],[1,1,1,1],[1,1,1,1]]
Operation Table:
[[1,2,2,1],[3,0,0,3],[1,2,2,1],[3,0,0,3]]

Adjacency Matrix:
[[0,1,1,1],[1,1,1,1],[1,1,1,0],[1,1,0,1]]
Operation Table:
[[1,2,2,1],[3,0,0,3],[1,2,2,1],[3,0,0,3]]

Adjacency Matrix:
[[0,1,1,1],[1,0,1,1],[1,1,1,0],[1,1,0,1]]
Operation Table:
[[1,2,2,1],[3,0,0,3],[1,2,2,1],[3,0,0,3]]

Adjacency Matrix:
[[1,1,1,1],[1,1,1,1],[1,1,1,0],[1,1,0,1]]
Operation Table:
[[1,2,2,1],[3,0,0,3],[1,2,2,1],[3,0,0,3]]

Adjacency Matrix:
[[1,1,1,1],[1,0,1,1],[1,1,1,0],[1,1,0,1]]
Operation Table:
[[1,2,2,1],[3,0,0,3],[1,2,2,1],[3,0,0,3]]

Adjacency Matrix:
[[0,1,1,1],[1,1,0,1],[1,1,1,0],[1,0,1,1]]
Operation Table:
[[1,2,2,1],[3,0,0,3],[1,2,2,1],[3,0,0,3]]

Adjacency Matrix:
[[1,1,1,1],[1,1,0,1],[1,1,1,0],[1,0,1,1]]
Operation Table:
[[1,2,2,1],[3,0,0,3],[1,2,2,1],[3,0,0,3]]

Adjacency Matrix:
[[0,1,1,1],[1,0,0,1],[1,1,1,0],[1,0,1,1]]
Operation Table:
[[1,2,2,1],[3,0,0,3],[1,2,2,1],[3,0,0,3]]

Adjacency Matrix:
[[1,1,1,1],[1,0,0,1],[1,1,1,0],[1,0,1,1]]
Operation Table:
[[1,2,2,1],[3,0,0,3],[1,2,2,1],[3,0,0,3]]

Adjacency Matrix:
[[0,1,1,0],[1,1,0,1],[0,1,1,1],[1,0,1,1]]
Operation Table:
[[1,2,2,1],[3,0,0,3],[1,2,2,1],[3,0,0,3]]

Adjacency Matrix:
[[0,1,1,0],[1,1,1,1],[0,1,1,1],[1,1,0,1]]
Operation Table:
[[1,2,2,1],[3,0,0,3],[1,2,2,1],[3,0,0,3]]

Adjacency Matrix:
[[0,1,1,0],[1,1,0,1],[0,1,1,0],[1,0,0,1]]
Operation Table:
[[1,2,2,1],[3,0,0,3],[1,2,2,1],[3,0,0,3]]

Adjacency Matrix:
[[0,1,1,0],[1,0,0,1],[0,1,1,1],[1,0,1,1]]
Operation Table:
[[1,2,2,1],[3,0,0,3],[1,2,2,1],[3,0,0,3]]

Adjacency Matrix:
[[0,1,1,0],[1,0,1,1],[0,1,1,1],[1,1,0,1]]
Operation Table:
[[1,2,2,1],[3,0,0,3],[1,2,2,1],[3,0,0,3]]

Adjacency Matrix:
[[0,1,1,0],[1,0,0,1],[0,1,1,0],[1,0,0,1]]
Operation Table:
[[1,2,2,1],[3,0,0,3],[1,2,2,1],[3,0,0,3]]

Adjacency Matrix:
[[1,1,1,0],[1,1,0,1],[0,1,1,1],[1,0,1,1]]
Operation Table:
[[1,2,2,1],[3,0,0,3],[1,2,2,1],[3,0,0,3]]

Adjacency Matrix:
[[1,1,1,0],[1,0,0,1],[0,1,1,1],[1,0,1,1]]
Operation Table:
[[1,2,2,1],[3,0,0,3],[1,2,2,1],[3,0,0,3]]

Adjacency Matrix:
[[1,1,1,0],[1,1,1,1],[0,1,1,1],[1,1,0,1]]
Operation Table:
[[1,2,2,1],[3,0,0,3],[1,2,2,1],[3,0,0,3]]

Adjacency Matrix:
[[1,1,1,0],[1,1,0,1],[0,1,1,0],[1,0,0,1]]
Operation Table:
[[1,2,2,1],[3,0,0,3],[1,2,2,1],[3,0,0,3]]

Adjacency Matrix:
[[1,1,1,0],[1,0,1,1],[0,1,1,1],[1,1,0,1]]
Operation Table:
[[1,2,2,1],[3,0,0,3],[1,2,2,1],[3,0,0,3]]

Adjacency Matrix:
[[1,1,1,0],[1,0,0,1],[0,1,1,0],[1,0,0,1]]
Operation Table:
[[1,3,3,1],[3,0,3,0],[3,3,3,3],[1,0,3,2]]

Adjacency Matrix:
[[0,1,1,1],[1,1,1,1],[1,1,1,1],[1,1,1,1]]
Operation Table:
[[1,3,3,1],[3,0,3,0],[3,3,3,3],[1,0,3,2]]

Adjacency Matrix:
[[1,1,1,1],[1,1,1,1],[1,1,1,1],[1,1,1,1]]
Operation Table:
[[1,3,3,1],[3,0,3,0],[3,3,3,3],[1,0,3,2]]

Adjacency Matrix:
[[0,1,1,1],[1,0,1,1],[1,1,1,1],[1,1,1,1]]
Operation Table:
[[1,3,3,1],[3,0,3,0],[3,3,3,3],[1,0,3,2]]

Adjacency Matrix:
[[1,1,1,1],[1,0,1,1],[1,1,1,1],[1,1,1,1]]
Operation Table:
[[1,3,3,1],[3,0,3,0],[3,3,3,3],[1,0,3,2]]

Adjacency Matrix:
[[0,1,1,1],[1,1,0,1],[1,0,1,1],[1,1,1,1]]
Operation Table:
[[1,3,3,1],[3,0,3,0],[3,3,3,3],[1,0,3,2]]

Adjacency Matrix:
[[0,1,1,1],[1,0,0,1],[1,0,1,1],[1,1,1,1]]
Operation Table:
[[1,3,3,1],[3,0,3,0],[3,3,3,3],[1,0,3,2]]

Adjacency Matrix:
[[1,1,1,1],[1,1,0,1],[1,0,1,1],[1,1,1,1]]
Operation Table:
[[1,3,3,1],[3,0,3,0],[3,3,3,3],[1,0,3,2]]

Adjacency Matrix:
[[1,1,1,1],[1,0,0,1],[1,0,1,1],[1,1,1,1]]
Operation Table:
[[1,3,3,1],[3,0,3,0],[3,3,3,3],[1,0,3,2]]

Adjacency Matrix:
[[0,1,1,1],[1,1,1,1],[1,1,0,1],[1,1,1,1]]
Operation Table:
[[1,3,3,1],[3,0,3,0],[3,3,3,3],[1,0,3,2]]

Adjacency Matrix:
[[0,1,1,1],[1,1,0,1],[1,0,0,1],[1,1,1,1]]
Operation Table:
[[1,3,3,1],[3,0,3,0],[3,3,3,3],[1,0,3,2]]

Adjacency Matrix:
[[1,1,1,1],[1,1,1,1],[1,1,0,1],[1,1,1,1]]
Operation Table:
[[1,3,3,1],[3,0,3,0],[3,3,3,3],[1,0,3,2]]

Adjacency Matrix:
[[1,1,1,1],[1,1,0,1],[1,0,0,1],[1,1,1,1]]
Operation Table:
[[1,3,3,1],[3,0,3,0],[3,3,3,3],[1,0,3,2]]

Adjacency Matrix:
[[0,1,1,1],[1,0,1,1],[1,1,0,1],[1,1,1,1]]
Operation Table:
[[1,3,3,1],[3,0,3,0],[3,3,3,3],[1,0,3,2]]

Adjacency Matrix:
[[1,1,1,1],[1,0,1,1],[1,1,0,1],[1,1,1,1]]
Operation Table:
[[1,3,3,1],[3,0,3,0],[3,3,3,3],[1,0,3,2]]

Adjacency Matrix:
[[0,1,1,1],[1,0,0,1],[1,0,0,1],[1,1,1,1]]
Operation Table:
[[1,3,3,1],[3,0,3,0],[3,3,3,3],[1,0,3,2]]

Adjacency Matrix:
[[1,1,1,1],[1,0,0,1],[1,0,0,1],[1,1,1,1]]
Operation Table:
[[1,3,3,1],[3,0,3,0],[3,3,3,3],[1,0,3,2]]

Adjacency Matrix:
[[0,1,0,1],[1,1,1,1],[0,1,1,1],[1,1,1,1]]
Operation Table:
[[1,3,3,1],[3,0,3,0],[3,3,3,3],[1,0,3,2]]

Adjacency Matrix:
[[0,1,0,1],[1,1,1,1],[0,1,0,1],[1,1,1,1]]
Operation Table:
[[1,3,3,1],[3,0,3,0],[3,3,3,3],[1,0,3,2]]

Adjacency Matrix:
[[0,1,0,1],[1,0,1,1],[0,1,1,1],[1,1,1,1]]
Operation Table:
[[1,3,3,1],[3,0,3,0],[3,3,3,3],[1,0,3,2]]

Adjacency Matrix:
[[0,1,0,1],[1,0,1,1],[0,1,0,1],[1,1,1,1]]
Operation Table:
[[1,3,3,1],[3,0,3,0],[3,3,3,3],[1,0,3,2]]

Adjacency Matrix:
[[0,1,0,1],[1,1,0,1],[0,0,1,1],[1,1,1,1]]
Operation Table:
[[1,3,3,1],[3,0,3,0],[3,3,3,3],[1,0,3,2]]

Adjacency Matrix:
[[0,1,0,1],[1,1,0,1],[0,0,0,1],[1,1,1,1]]
Operation Table:
[[1,3,3,1],[3,0,3,0],[3,3,3,3],[1,0,3,2]]

Adjacency Matrix:
[[0,1,0,1],[1,0,0,1],[0,0,1,1],[1,1,1,1]]
Operation Table:
[[1,3,3,1],[3,0,3,0],[3,3,3,3],[1,0,3,2]]

Adjacency Matrix:
[[0,1,0,1],[1,0,0,1],[0,0,0,1],[1,1,1,1]]
Operation Table:
[[1,3,3,1],[3,0,3,0],[3,3,3,3],[1,0,3,2]]

Adjacency Matrix:
[[1,1,0,1],[1,1,1,1],[0,1,1,1],[1,1,1,1]]
Operation Table:
[[1,3,3,1],[3,0,3,0],[3,3,3,3],[1,0,3,2]]

Adjacency Matrix:
[[1,1,0,1],[1,1,0,1],[0,0,1,1],[1,1,1,1]]
Operation Table:
[[1,3,3,1],[3,0,3,0],[3,3,3,3],[1,0,3,2]]

Adjacency Matrix:
[[1,1,0,1],[1,0,1,1],[0,1,1,1],[1,1,1,1]]
Operation Table:
[[1,3,3,1],[3,0,3,0],[3,3,3,3],[1,0,3,2]]

Adjacency Matrix:
[[1,1,0,1],[1,0,0,1],[0,0,1,1],[1,1,1,1]]
Operation Table:
[[1,3,3,1],[3,0,3,0],[3,3,3,3],[1,0,3,2]]

Adjacency Matrix:
[[1,1,0,1],[1,1,1,1],[0,1,0,1],[1,1,1,1]]
Operation Table:
[[1,3,3,1],[3,0,3,0],[3,3,3,3],[1,0,3,2]]

Adjacency Matrix:
[[1,1,0,1],[1,0,1,1],[0,1,0,1],[1,1,1,1]]
Operation Table:
[[1,3,3,1],[3,0,3,0],[3,3,3,3],[1,0,3,2]]

Adjacency Matrix:
[[1,1,0,1],[1,1,0,1],[0,0,0,1],[1,1,1,1]]
Operation Table:
[[1,3,3,1],[3,0,3,0],[3,3,3,3],[1,0,3,2]]

Adjacency Matrix:
[[1,1,0,1],[1,0,0,1],[0,0,0,1],[1,1,1,1]]
Operation Table:
[[1,3,1,3],[2,0,2,0],[2,0,2,0],[1,3,1,3]]

Adjacency Matrix:
[[0,1,1,1],[1,1,1,1],[1,1,1,1],[1,1,1,1]]
Operation Table:
[[1,3,1,3],[2,0,2,0],[2,0,2,0],[1,3,1,3]]

Adjacency Matrix:
[[1,1,1,1],[1,1,1,1],[1,1,1,1],[1,1,1,1]]
Operation Table:
[[1,3,1,3],[2,0,2,0],[2,0,2,0],[1,3,1,3]]

Adjacency Matrix:
[[0,1,1,1],[1,0,1,1],[1,1,1,1],[1,1,1,1]]
Operation Table:
[[1,3,1,3],[2,0,2,0],[2,0,2,0],[1,3,1,3]]

Adjacency Matrix:
[[1,1,1,1],[1,0,1,1],[1,1,1,1],[1,1,1,1]]
Operation Table:
[[1,3,1,3],[2,0,2,0],[2,0,2,0],[1,3,1,3]]

Adjacency Matrix:
[[0,1,1,1],[1,1,1,1],[1,1,1,0],[1,1,0,1]]
Operation Table:
[[1,3,1,3],[2,0,2,0],[2,0,2,0],[1,3,1,3]]

Adjacency Matrix:
[[0,1,1,1],[1,0,1,1],[1,1,1,0],[1,1,0,1]]
Operation Table:
[[1,3,1,3],[2,0,2,0],[2,0,2,0],[1,3,1,3]]

Adjacency Matrix:
[[1,1,1,1],[1,1,1,1],[1,1,1,0],[1,1,0,1]]
Operation Table:
[[1,3,1,3],[2,0,2,0],[2,0,2,0],[1,3,1,3]]

Adjacency Matrix:
[[1,1,1,1],[1,0,1,1],[1,1,1,0],[1,1,0,1]]
Operation Table:
[[1,3,1,3],[2,0,2,0],[2,0,2,0],[1,3,1,3]]

Adjacency Matrix:
[[0,1,0,1],[1,1,1,1],[1,1,1,0],[0,1,1,1]]
Operation Table:
[[1,3,1,3],[2,0,2,0],[2,0,2,0],[1,3,1,3]]

Adjacency Matrix:
[[1,1,0,1],[1,1,1,1],[1,1,1,0],[0,1,1,1]]
Operation Table:
[[1,3,1,3],[2,0,2,0],[2,0,2,0],[1,3,1,3]]

Adjacency Matrix:
[[0,1,0,1],[1,0,1,1],[1,1,1,0],[0,1,1,1]]
Operation Table:
[[1,3,1,3],[2,0,2,0],[2,0,2,0],[1,3,1,3]]

Adjacency Matrix:
[[1,1,0,1],[1,0,1,1],[1,1,1,0],[0,1,1,1]]
Operation Table:
[[1,3,1,3],[2,0,2,0],[2,0,2,0],[1,3,1,3]]

Adjacency Matrix:
[[0,1,1,1],[1,1,1,0],[1,0,1,1],[1,1,0,1]]
Operation Table:
[[1,3,1,3],[2,0,2,0],[2,0,2,0],[1,3,1,3]]

Adjacency Matrix:
[[0,1,1,1],[1,0,1,0],[1,0,1,1],[1,1,0,1]]
Operation Table:
[[1,3,1,3],[2,0,2,0],[2,0,2,0],[1,3,1,3]]

Adjacency Matrix:
[[1,1,1,1],[1,1,1,0],[1,0,1,1],[1,1,0,1]]
Operation Table:
[[1,3,1,3],[2,0,2,0],[2,0,2,0],[1,3,1,3]]

Adjacency Matrix:
[[1,1,1,1],[1,0,1,0],[1,0,1,1],[1,1,0,1]]
Operation Table:
[[1,3,1,3],[2,0,2,0],[2,0,2,0],[1,3,1,3]]

Adjacency Matrix:
[[0,1,0,1],[1,1,1,0],[1,0,1,1],[0,1,1,1]]
Operation Table:
[[1,3,1,3],[2,0,2,0],[2,0,2,0],[1,3,1,3]]

Adjacency Matrix:
[[0,1,0,1],[1,1,1,0],[1,0,1,0],[0,1,0,1]]
Operation Table:
[[1,3,1,3],[2,0,2,0],[2,0,2,0],[1,3,1,3]]

Adjacency Matrix:
[[1,1,0,1],[1,1,1,0],[1,0,1,1],[0,1,1,1]]
Operation Table:
[[1,3,1,3],[2,0,2,0],[2,0,2,0],[1,3,1,3]]

Adjacency Matrix:
[[1,1,0,1],[1,1,1,0],[1,0,1,0],[0,1,0,1]]
Operation Table:
[[1,3,1,3],[2,0,2,0],[2,0,2,0],[1,3,1,3]]

Adjacency Matrix:
[[0,1,0,1],[1,0,1,0],[1,0,1,1],[0,1,1,1]]
Operation Table:
[[1,3,1,3],[2,0,2,0],[2,0,2,0],[1,3,1,3]]

Adjacency Matrix:
[[0,1,0,1],[1,0,1,0],[1,0,1,0],[0,1,0,1]]
Operation Table:
[[1,3,1,3],[2,0,2,0],[2,0,2,0],[1,3,1,3]]

Adjacency Matrix:
[[1,1,0,1],[1,0,1,0],[1,0,1,1],[0,1,1,1]]
Operation Table:
[[1,3,1,3],[2,0,2,0],[2,0,2,0],[1,3,1,3]]

Adjacency Matrix:
[[1,1,0,1],[1,0,1,0],[1,0,1,0],[0,1,0,1]]
Operation Table:
[[0,2,0,2],[0,2,0,2],[1,3,1,3],[1,3,1,3]]

Adjacency Matrix:
[[1,1,1,1],[1,1,1,1],[1,1,1,1],[1,1,1,1]]
Operation Table:
[[0,2,0,2],[0,2,0,2],[1,3,1,3],[1,3,1,3]]

Adjacency Matrix:
[[1,1,1,1],[1,0,1,1],[1,1,1,1],[1,1,1,1]]
Operation Table:
[[0,2,0,2],[0,2,0,2],[1,3,1,3],[1,3,1,3]]

Adjacency Matrix:
[[1,1,1,1],[1,1,1,1],[1,1,0,1],[1,1,1,1]]
Operation Table:
[[0,2,0,2],[0,2,0,2],[1,3,1,3],[1,3,1,3]]

Adjacency Matrix:
[[1,1,1,1],[1,0,1,1],[1,1,0,1],[1,1,1,1]]
Operation Table:
[[0,2,0,2],[0,2,0,2],[1,3,1,3],[1,3,1,3]]

Adjacency Matrix:
[[1,1,1,0],[1,1,1,1],[1,1,1,1],[0,1,1,1]]
Operation Table:
[[0,2,0,2],[0,2,0,2],[1,3,1,3],[1,3,1,3]]

Adjacency Matrix:
[[1,1,1,0],[1,0,1,1],[1,1,1,1],[0,1,1,1]]
Operation Table:
[[0,2,0,2],[0,2,0,2],[1,3,1,3],[1,3,1,3]]

Adjacency Matrix:
[[1,1,1,0],[1,1,1,1],[1,1,0,1],[0,1,1,1]]
Operation Table:
[[0,2,0,2],[0,2,0,2],[1,3,1,3],[1,3,1,3]]

Adjacency Matrix:
[[1,1,1,0],[1,0,1,1],[1,1,0,1],[0,1,1,1]]
Operation Table:
[[0,2,0,2],[0,2,0,2],[1,3,1,3],[1,3,1,3]]

Adjacency Matrix:
[[1,1,1,0],[1,1,1,1],[0,1,1,1],[1,1,0,1]]
Operation Table:
[[0,2,0,2],[0,2,0,2],[1,3,1,3],[1,3,1,3]]

Adjacency Matrix:
[[1,1,1,0],[1,1,1,1],[0,1,0,1],[1,1,0,1]]
Operation Table:
[[0,2,0,2],[0,2,0,2],[1,3,1,3],[1,3,1,3]]

Adjacency Matrix:
[[1,1,1,0],[1,0,1,1],[0,1,1,1],[1,1,0,1]]
Operation Table:
[[0,2,0,2],[0,2,0,2],[1,3,1,3],[1,3,1,3]]

Adjacency Matrix:
[[1,1,1,0],[1,0,1,1],[0,1,0,1],[1,1,0,1]]
Operation Table:
[[0,2,0,2],[0,2,0,2],[1,3,1,3],[1,3,1,3]]

Adjacency Matrix:
[[1,0,1,1],[1,1,1,0],[1,1,1,1],[0,1,1,1]]
Operation Table:
[[0,2,0,2],[0,2,0,2],[1,3,1,3],[1,3,1,3]]

Adjacency Matrix:
[[1,0,1,1],[1,1,1,0],[0,1,1,1],[1,1,0,1]]
Operation Table:
[[0,2,0,2],[0,2,0,2],[1,3,1,3],[1,3,1,3]]

Adjacency Matrix:
[[1,0,1,0],[1,1,1,0],[0,1,1,1],[0,1,0,1]]
Operation Table:
[[0,2,0,2],[0,2,0,2],[1,3,1,3],[1,3,1,3]]

Adjacency Matrix:
[[1,0,1,1],[1,0,1,0],[1,1,1,1],[0,1,1,1]]
Operation Table:
[[0,2,0,2],[0,2,0,2],[1,3,1,3],[1,3,1,3]]

Adjacency Matrix:
[[1,0,1,1],[1,0,1,0],[0,1,1,1],[1,1,0,1]]
Operation Table:
[[0,2,0,2],[0,2,0,2],[1,3,1,3],[1,3,1,3]]

Adjacency Matrix:
[[1,0,1,0],[1,0,1,0],[0,1,1,1],[0,1,0,1]]
Operation Table:
[[0,2,0,2],[0,2,0,2],[1,3,1,3],[1,3,1,3]]

Adjacency Matrix:
[[1,0,1,1],[1,1,1,0],[1,1,0,1],[0,1,1,1]]
Operation Table:
[[0,2,0,2],[0,2,0,2],[1,3,1,3],[1,3,1,3]]

Adjacency Matrix:
[[1,0,1,1],[1,1,1,0],[0,1,0,1],[1,1,0,1]]
Operation Table:
[[0,2,0,2],[0,2,0,2],[1,3,1,3],[1,3,1,3]]

Adjacency Matrix:
[[1,0,1,1],[1,0,1,0],[1,1,0,1],[0,1,1,1]]
Operation Table:
[[0,2,0,2],[0,2,0,2],[1,3,1,3],[1,3,1,3]]

Adjacency Matrix:
[[1,0,1,1],[1,0,1,0],[0,1,0,1],[1,1,0,1]]
Operation Table:
[[0,2,0,2],[0,2,0,2],[1,3,1,3],[1,3,1,3]]

Adjacency Matrix:
[[1,0,1,0],[1,1,1,0],[0,1,0,1],[0,1,0,1]]
Operation Table:
[[0,2,0,2],[0,2,0,2],[1,3,1,3],[1,3,1,3]]

Adjacency Matrix:
[[1,0,1,0],[1,0,1,0],[0,1,0,1],[0,1,0,1]]
Operation Table:
[[2,1,1,2],[2,1,1,2],[3,0,0,3],[3,0,0,3]]

Adjacency Matrix:
[[1,1,1,1],[1,1,1,1],[1,1,1,1],[1,1,1,1]]
Operation Table:
[[2,1,1,2],[2,1,1,2],[3,0,0,3],[3,0,0,3]]

Adjacency Matrix:
[[1,1,1,1],[1,1,1,1],[1,1,0,1],[1,1,1,1]]
Operation Table:
[[2,1,1,2],[2,1,1,2],[3,0,0,3],[3,0,0,3]]

Adjacency Matrix:
[[0,1,1,1],[1,1,1,1],[1,1,1,1],[1,1,1,1]]
Operation Table:
[[2,1,1,2],[2,1,1,2],[3,0,0,3],[3,0,0,3]]

Adjacency Matrix:
[[0,1,1,1],[1,1,1,1],[1,1,0,1],[1,1,1,1]]
Operation Table:
[[2,1,1,2],[2,1,1,2],[3,0,0,3],[3,0,0,3]]

Adjacency Matrix:
[[1,1,1,1],[1,1,1,0],[1,0,1,1],[1,1,0,1]]
Operation Table:
[[2,1,1,2],[2,1,1,2],[3,0,0,3],[3,0,0,3]]

Adjacency Matrix:
[[0,1,1,1],[1,1,1,0],[1,0,1,1],[1,1,0,1]]
Operation Table:
[[2,1,1,2],[2,1,1,2],[3,0,0,3],[3,0,0,3]]

Adjacency Matrix:
[[1,1,1,1],[1,1,1,0],[1,0,0,1],[1,1,0,1]]
Operation Table:
[[2,1,1,2],[2,1,1,2],[3,0,0,3],[3,0,0,3]]

Adjacency Matrix:
[[0,1,1,1],[1,1,1,0],[1,0,0,1],[1,1,0,1]]
Operation Table:
[[2,1,1,2],[2,1,1,2],[3,0,0,3],[3,0,0,3]]

Adjacency Matrix:
[[1,1,1,1],[1,1,1,0],[1,1,1,1],[1,0,1,1]]
Operation Table:
[[2,1,1,2],[2,1,1,2],[3,0,0,3],[3,0,0,3]]

Adjacency Matrix:
[[1,1,1,1],[1,1,1,0],[1,1,0,1],[1,0,1,1]]
Operation Table:
[[2,1,1,2],[2,1,1,2],[3,0,0,3],[3,0,0,3]]

Adjacency Matrix:
[[0,1,1,1],[1,1,1,0],[1,1,1,1],[1,0,1,1]]
Operation Table:
[[2,1,1,2],[2,1,1,2],[3,0,0,3],[3,0,0,3]]

Adjacency Matrix:
[[0,1,1,1],[1,1,1,0],[1,1,0,1],[1,0,1,1]]
Operation Table:
[[2,1,1,2],[2,1,1,2],[3,0,0,3],[3,0,0,3]]

Adjacency Matrix:
[[1,1,1,0],[0,1,1,1],[1,1,1,1],[1,0,1,1]]
Operation Table:
[[2,1,1,2],[2,1,1,2],[3,0,0,3],[3,0,0,3]]

Adjacency Matrix:
[[1,1,1,0],[0,1,1,1],[1,0,1,1],[1,1,0,1]]
Operation Table:
[[2,1,1,2],[2,1,1,2],[3,0,0,3],[3,0,0,3]]

Adjacency Matrix:
[[1,1,1,0],[0,1,1,0],[1,0,1,1],[1,0,0,1]]
Operation Table:
[[2,1,1,2],[2,1,1,2],[3,0,0,3],[3,0,0,3]]

Adjacency Matrix:
[[0,1,1,0],[0,1,1,1],[1,1,1,1],[1,0,1,1]]
Operation Table:
[[2,1,1,2],[2,1,1,2],[3,0,0,3],[3,0,0,3]]

Adjacency Matrix:
[[0,1,1,0],[0,1,1,1],[1,0,1,1],[1,1,0,1]]
Operation Table:
[[2,1,1,2],[2,1,1,2],[3,0,0,3],[3,0,0,3]]

Adjacency Matrix:
[[0,1,1,0],[0,1,1,0],[1,0,1,1],[1,0,0,1]]
Operation Table:
[[2,1,1,2],[2,1,1,2],[3,0,0,3],[3,0,0,3]]

Adjacency Matrix:
[[1,1,1,0],[0,1,1,1],[1,1,0,1],[1,0,1,1]]
Operation Table:
[[2,1,1,2],[2,1,1,2],[3,0,0,3],[3,0,0,3]]

Adjacency Matrix:
[[0,1,1,0],[0,1,1,1],[1,1,0,1],[1,0,1,1]]
Operation Table:
[[2,1,1,2],[2,1,1,2],[3,0,0,3],[3,0,0,3]]

Adjacency Matrix:
[[1,1,1,0],[0,1,1,1],[1,0,0,1],[1,1,0,1]]
Operation Table:
[[2,1,1,2],[2,1,1,2],[3,0,0,3],[3,0,0,3]]

Adjacency Matrix:
[[1,1,1,0],[0,1,1,0],[1,0,0,1],[1,0,0,1]]
Operation Table:
[[2,1,1,2],[2,1,1,2],[3,0,0,3],[3,0,0,3]]

Adjacency Matrix:
[[0,1,1,0],[0,1,1,1],[1,0,0,1],[1,1,0,1]]
Operation Table:
[[2,1,1,2],[2,1,1,2],[3,0,0,3],[3,0,0,3]]

Adjacency Matrix:
[[0,1,1,0],[0,1,1,0],[1,0,0,1],[1,0,0,1]]
Operation Table:
[[3,3,3,3],[3,2,3,2],[3,3,1,1],[3,2,1,0]]

Adjacency Matrix:
[[1,1,1,1],[1,1,1,1],[1,1,1,1],[1,1,1,1]]
Operation Table:
[[3,3,3,3],[3,2,3,2],[3,3,1,1],[3,2,1,0]]

Adjacency Matrix:
[[1,1,1,1],[1,1,1,1],[1,1,0,1],[1,1,1,1]]
Operation Table:
[[3,3,3,3],[3,2,3,2],[3,3,1,1],[3,2,1,0]]

Adjacency Matrix:
[[0,1,1,1],[1,1,1,1],[1,1,1,1],[1,1,1,1]]
Operation Table:
[[3,3,3,3],[3,2,3,2],[3,3,1,1],[3,2,1,0]]

Adjacency Matrix:
[[0,1,1,1],[1,1,1,1],[1,1,0,1],[1,1,1,1]]
Operation Table:
[[3,3,3,3],[3,2,3,2],[3,3,1,1],[3,2,1,0]]

Adjacency Matrix:
[[1,0,1,1],[0,1,1,1],[1,1,1,1],[1,1,1,1]]
Operation Table:
[[3,3,3,3],[3,2,3,2],[3,3,1,1],[3,2,1,0]]

Adjacency Matrix:
[[0,0,1,1],[0,1,1,1],[1,1,1,1],[1,1,1,1]]
Operation Table:
[[3,3,3,3],[3,2,3,2],[3,3,1,1],[3,2,1,0]]

Adjacency Matrix:
[[1,0,1,1],[0,1,1,1],[1,1,0,1],[1,1,1,1]]
Operation Table:
[[3,3,3,3],[3,2,3,2],[3,3,1,1],[3,2,1,0]]

Adjacency Matrix:
[[0,0,1,1],[0,1,1,1],[1,1,0,1],[1,1,1,1]]
Operation Table:
[[3,3,3,3],[3,2,3,2],[3,3,1,1],[3,2,1,0]]

Adjacency Matrix:
[[1,1,1,1],[1,0,1,1],[1,1,1,1],[1,1,1,1]]
Operation Table:
[[3,3,3,3],[3,2,3,2],[3,3,1,1],[3,2,1,0]]

Adjacency Matrix:
[[1,0,1,1],[0,0,1,1],[1,1,1,1],[1,1,1,1]]
Operation Table:
[[3,3,3,3],[3,2,3,2],[3,3,1,1],[3,2,1,0]]

Adjacency Matrix:
[[1,1,1,1],[1,0,1,1],[1,1,0,1],[1,1,1,1]]
Operation Table:
[[3,3,3,3],[3,2,3,2],[3,3,1,1],[3,2,1,0]]

Adjacency Matrix:
[[1,0,1,1],[0,0,1,1],[1,1,0,1],[1,1,1,1]]
Operation Table:
[[3,3,3,3],[3,2,3,2],[3,3,1,1],[3,2,1,0]]

Adjacency Matrix:
[[0,1,1,1],[1,0,1,1],[1,1,1,1],[1,1,1,1]]
Operation Table:
[[3,3,3,3],[3,2,3,2],[3,3,1,1],[3,2,1,0]]

Adjacency Matrix:
[[0,1,1,1],[1,0,1,1],[1,1,0,1],[1,1,1,1]]
Operation Table:
[[3,3,3,3],[3,2,3,2],[3,3,1,1],[3,2,1,0]]

Adjacency Matrix:
[[0,0,1,1],[0,0,1,1],[1,1,1,1],[1,1,1,1]]
Operation Table:
[[3,3,3,3],[3,2,3,2],[3,3,1,1],[3,2,1,0]]

Adjacency Matrix:
[[0,0,1,1],[0,0,1,1],[1,1,0,1],[1,1,1,1]]
Operation Table:
[[3,3,3,3],[3,2,3,2],[3,3,1,1],[3,2,1,0]]

Adjacency Matrix:
[[1,1,0,1],[1,1,1,1],[0,1,1,1],[1,1,1,1]]
Operation Table:
[[3,3,3,3],[3,2,3,2],[3,3,1,1],[3,2,1,0]]

Adjacency Matrix:
[[1,1,0,1],[1,0,1,1],[0,1,1,1],[1,1,1,1]]
Operation Table:
[[3,3,3,3],[3,2,3,2],[3,3,1,1],[3,2,1,0]]

Adjacency Matrix:
[[0,1,0,1],[1,1,1,1],[0,1,1,1],[1,1,1,1]]
Operation Table:
[[3,3,3,3],[3,2,3,2],[3,3,1,1],[3,2,1,0]]

Adjacency Matrix:
[[0,1,0,1],[1,0,1,1],[0,1,1,1],[1,1,1,1]]
Operation Table:
[[3,3,3,3],[3,2,3,2],[3,3,1,1],[3,2,1,0]]

Adjacency Matrix:
[[1,0,0,1],[0,1,1,1],[0,1,1,1],[1,1,1,1]]
Operation Table:
[[3,3,3,3],[3,2,3,2],[3,3,1,1],[3,2,1,0]]

Adjacency Matrix:
[[1,0,0,1],[0,0,1,1],[0,1,1,1],[1,1,1,1]]
Operation Table:
[[3,3,3,3],[3,2,3,2],[3,3,1,1],[3,2,1,0]]

Adjacency Matrix:
[[0,0,0,1],[0,1,1,1],[0,1,1,1],[1,1,1,1]]
Operation Table:
[[3,3,3,3],[3,2,3,2],[3,3,1,1],[3,2,1,0]]

Adjacency Matrix:
[[0,0,0,1],[0,0,1,1],[0,1,1,1],[1,1,1,1]]
Operation Table:
[[3,3,3,3],[3,2,3,2],[3,3,1,1],[3,2,1,0]]

Adjacency Matrix:
[[1,1,0,1],[1,1,1,1],[0,1,0,1],[1,1,1,1]]
Operation Table:
[[3,3,3,3],[3,2,3,2],[3,3,1,1],[3,2,1,0]]

Adjacency Matrix:
[[1,0,0,1],[0,1,1,1],[0,1,0,1],[1,1,1,1]]
Operation Table:
[[3,3,3,3],[3,2,3,2],[3,3,1,1],[3,2,1,0]]

Adjacency Matrix:
[[0,1,0,1],[1,1,1,1],[0,1,0,1],[1,1,1,1]]
Operation Table:
[[3,3,3,3],[3,2,3,2],[3,3,1,1],[3,2,1,0]]

Adjacency Matrix:
[[0,0,0,1],[0,1,1,1],[0,1,0,1],[1,1,1,1]]
Operation Table:
[[3,3,3,3],[3,2,3,2],[3,3,1,1],[3,2,1,0]]

Adjacency Matrix:
[[1,1,0,1],[1,0,1,1],[0,1,0,1],[1,1,1,1]]
Operation Table:
[[3,3,3,3],[3,2,3,2],[3,3,1,1],[3,2,1,0]]

Adjacency Matrix:
[[0,1,0,1],[1,0,1,1],[0,1,0,1],[1,1,1,1]]
Operation Table:
[[3,3,3,3],[3,2,3,2],[3,3,1,1],[3,2,1,0]]

Adjacency Matrix:
[[1,0,0,1],[0,0,1,1],[0,1,0,1],[1,1,1,1]]
Operation Table:
[[3,3,3,3],[3,2,3,2],[3,3,1,1],[3,2,1,0]]

Adjacency Matrix:
[[0,0,0,1],[0,0,1,1],[0,1,0,1],[1,1,1,1]]
Operation Table:
[[0,2,0,2],[3,1,3,1],[3,1,3,1],[0,2,0,2]]

Adjacency Matrix:
[[1,1,1,1],[1,1,1,1],[1,1,1,1],[1,1,1,1]]
Operation Table:
[[0,2,0,2],[3,1,3,1],[3,1,3,1],[0,2,0,2]]

Adjacency Matrix:
[[1,1,1,1],[1,1,1,1],[1,1,0,1],[1,1,1,1]]
Operation Table:
[[0,2,0,2],[3,1,3,1],[3,1,3,1],[0,2,0,2]]

Adjacency Matrix:
[[1,0,1,1],[0,1,1,1],[1,1,1,1],[1,1,1,1]]
Operation Table:
[[0,2,0,2],[3,1,3,1],[3,1,3,1],[0,2,0,2]]

Adjacency Matrix:
[[1,0,1,1],[0,1,1,1],[1,1,0,1],[1,1,1,1]]
Operation Table:
[[0,2,0,2],[3,1,3,1],[3,1,3,1],[0,2,0,2]]

Adjacency Matrix:
[[1,1,1,0],[0,1,1,1],[1,1,1,1],[1,0,1,1]]
Operation Table:
[[0,2,0,2],[3,1,3,1],[3,1,3,1],[0,2,0,2]]

Adjacency Matrix:
[[1,1,1,0],[0,1,1,1],[1,1,0,1],[1,0,1,1]]
Operation Table:
[[0,2,0,2],[3,1,3,1],[3,1,3,1],[0,2,0,2]]

Adjacency Matrix:
[[1,1,1,0],[1,1,0,1],[0,1,1,1],[1,0,1,1]]
Operation Table:
[[0,2,0,2],[3,1,3,1],[3,1,3,1],[0,2,0,2]]

Adjacency Matrix:
[[1,0,1,1],[1,1,0,1],[0,1,1,1],[1,1,1,1]]
Operation Table:
[[0,2,0,2],[3,1,3,1],[3,1,3,1],[0,2,0,2]]

Adjacency Matrix:
[[1,0,1,0],[0,1,0,1],[0,1,1,1],[1,0,1,1]]
Operation Table:
[[0,2,0,2],[3,1,3,1],[3,1,3,1],[0,2,0,2]]

Adjacency Matrix:
[[1,0,1,1],[1,1,0,1],[0,1,0,1],[1,1,1,1]]
Operation Table:
[[0,2,0,2],[3,1,3,1],[3,1,3,1],[0,2,0,2]]

Adjacency Matrix:
[[1,1,1,0],[1,1,0,1],[0,1,0,1],[1,0,1,1]]
Operation Table:
[[0,2,0,2],[3,1,3,1],[3,1,3,1],[0,2,0,2]]

Adjacency Matrix:
[[1,0,1,0],[0,1,0,1],[0,1,0,1],[1,0,1,1]]
Operation Table:
[[0,2,0,2],[3,1,3,1],[3,1,3,1],[0,2,0,2]]

Adjacency Matrix:
[[1,1,1,1],[1,1,1,1],[1,1,1,1],[1,1,1,0]]
Operation Table:
[[0,2,0,2],[3,1,3,1],[3,1,3,1],[0,2,0,2]]

Adjacency Matrix:
[[1,1,1,0],[1,1,0,1],[0,1,1,1],[1,0,1,0]]
Operation Table:
[[0,2,0,2],[3,1,3,1],[3,1,3,1],[0,2,0,2]]

Adjacency Matrix:
[[1,1,1,0],[0,1,1,1],[1,1,1,1],[1,0,1,0]]
Operation Table:
[[0,2,0,2],[3,1,3,1],[3,1,3,1],[0,2,0,2]]

Adjacency Matrix:
[[1,0,1,1],[1,1,0,1],[0,1,1,1],[1,1,1,0]]
Operation Table:
[[0,2,0,2],[3,1,3,1],[3,1,3,1],[0,2,0,2]]

Adjacency Matrix:
[[1,0,1,1],[0,1,1,1],[1,1,1,1],[1,1,1,0]]
Operation Table:
[[0,2,0,2],[3,1,3,1],[3,1,3,1],[0,2,0,2]]

Adjacency Matrix:
[[1,0,1,0],[0,1,0,1],[0,1,1,1],[1,0,1,0]]
Operation Table:
[[0,2,0,2],[3,1,3,1],[3,1,3,1],[0,2,0,2]]

Adjacency Matrix:
[[1,1,1,1],[1,1,1,1],[1,1,0,1],[1,1,1,0]]
Operation Table:
[[0,2,0,2],[3,1,3,1],[3,1,3,1],[0,2,0,2]]

Adjacency Matrix:
[[1,1,1,0],[1,1,0,1],[0,1,0,1],[1,0,1,0]]
Operation Table:
[[0,2,0,2],[3,1,3,1],[3,1,3,1],[0,2,0,2]]

Adjacency Matrix:
[[1,1,1,0],[0,1,1,1],[1,1,0,1],[1,0,1,0]]
Operation Table:
[[0,2,0,2],[3,1,3,1],[3,1,3,1],[0,2,0,2]]

Adjacency Matrix:
[[1,0,1,1],[1,1,0,1],[0,1,0,1],[1,1,1,0]]
Operation Table:
[[0,2,0,2],[3,1,3,1],[3,1,3,1],[0,2,0,2]]

Adjacency Matrix:
[[1,0,1,1],[0,1,1,1],[1,1,0,1],[1,1,1,0]]
Operation Table:
[[0,2,0,2],[3,1,3,1],[3,1,3,1],[0,2,0,2]]

Adjacency Matrix:
[[1,0,1,0],[0,1,0,1],[0,1,0,1],[1,0,1,0]]
Operation Table:
[[1,0,3,2],[0,0,0,0],[3,0,3,0],[2,0,0,2]]

Adjacency Matrix:
[[1,1,1,1],[1,1,1,1],[1,1,1,1],[1,1,1,0]]
Operation Table:
[[1,0,3,2],[0,0,0,0],[3,0,3,0],[2,0,0,2]]

Adjacency Matrix:
[[1,1,1,1],[1,1,1,1],[1,1,0,1],[1,1,1,0]]
Operation Table:
[[1,0,3,2],[0,0,0,0],[3,0,3,0],[2,0,0,2]]

Adjacency Matrix:
[[1,1,1,1],[1,1,1,1],[1,1,1,1],[1,1,1,1]]
Operation Table:
[[1,0,3,2],[0,0,0,0],[3,0,3,0],[2,0,0,2]]

Adjacency Matrix:
[[1,1,1,1],[1,1,1,1],[1,1,0,1],[1,1,1,1]]
Operation Table:
[[1,0,3,2],[0,0,0,0],[3,0,3,0],[2,0,0,2]]

Adjacency Matrix:
[[1,1,1,1],[1,0,1,1],[1,1,1,1],[1,1,1,0]]
Operation Table:
[[1,0,3,2],[0,0,0,0],[3,0,3,0],[2,0,0,2]]

Adjacency Matrix:
[[1,1,1,1],[1,0,1,1],[1,1,1,1],[1,1,1,1]]
Operation Table:
[[1,0,3,2],[0,0,0,0],[3,0,3,0],[2,0,0,2]]

Adjacency Matrix:
[[1,1,1,1],[1,0,1,1],[1,1,0,1],[1,1,1,0]]
Operation Table:
[[1,0,3,2],[0,0,0,0],[3,0,3,0],[2,0,0,2]]

Adjacency Matrix:
[[1,1,1,1],[1,0,1,1],[1,1,0,1],[1,1,1,1]]
Operation Table:
[[1,0,3,2],[0,0,0,0],[3,0,3,0],[2,0,0,2]]

Adjacency Matrix:
[[1,1,1,1],[1,1,1,0],[1,1,1,1],[1,0,1,0]]
Operation Table:
[[1,0,3,2],[0,0,0,0],[3,0,3,0],[2,0,0,2]]

Adjacency Matrix:
[[1,1,1,1],[1,1,1,0],[1,1,0,1],[1,0,1,0]]
Operation Table:
[[1,0,3,2],[0,0,0,0],[3,0,3,0],[2,0,0,2]]

Adjacency Matrix:
[[1,1,1,1],[1,1,1,0],[1,1,1,1],[1,0,1,1]]
Operation Table:
[[1,0,3,2],[0,0,0,0],[3,0,3,0],[2,0,0,2]]

Adjacency Matrix:
[[1,1,1,1],[1,1,1,0],[1,1,0,1],[1,0,1,1]]
Operation Table:
[[1,0,3,2],[0,0,0,0],[3,0,3,0],[2,0,0,2]]

Adjacency Matrix:
[[1,1,1,1],[1,0,1,0],[1,1,1,1],[1,0,1,0]]
Operation Table:
[[1,0,3,2],[0,0,0,0],[3,0,3,0],[2,0,0,2]]

Adjacency Matrix:
[[1,1,1,1],[1,0,1,0],[1,1,1,1],[1,0,1,1]]
Operation Table:
[[1,0,3,2],[0,0,0,0],[3,0,3,0],[2,0,0,2]]

Adjacency Matrix:
[[1,1,1,1],[1,0,1,0],[1,1,0,1],[1,0,1,0]]
Operation Table:
[[1,0,3,2],[0,0,0,0],[3,0,3,0],[2,0,0,2]]

Adjacency Matrix:
[[1,1,1,1],[1,0,1,0],[1,1,0,1],[1,0,1,1]]
Operation Table:
[[1,0,3,2],[0,0,0,0],[3,0,3,0],[2,0,0,2]]

Adjacency Matrix:
[[1,1,1,1],[1,1,0,1],[1,0,1,1],[1,1,1,0]]
Operation Table:
[[1,0,3,2],[0,0,0,0],[3,0,3,0],[2,0,0,2]]

Adjacency Matrix:
[[1,1,1,1],[1,1,0,0],[1,0,1,1],[1,0,1,0]]
Operation Table:
[[1,0,3,2],[0,0,0,0],[3,0,3,0],[2,0,0,2]]

Adjacency Matrix:
[[1,1,1,1],[1,0,0,1],[1,0,1,1],[1,1,1,0]]
Operation Table:
[[1,0,3,2],[0,0,0,0],[3,0,3,0],[2,0,0,2]]

Adjacency Matrix:
[[1,1,1,1],[1,0,0,0],[1,0,1,1],[1,0,1,0]]
Operation Table:
[[1,0,3,2],[0,0,0,0],[3,0,3,0],[2,0,0,2]]

Adjacency Matrix:
[[1,1,1,1],[1,1,0,1],[1,0,0,1],[1,1,1,0]]
Operation Table:
[[1,0,3,2],[0,0,0,0],[3,0,3,0],[2,0,0,2]]

Adjacency Matrix:
[[1,1,1,1],[1,1,0,0],[1,0,0,1],[1,0,1,0]]
Operation Table:
[[1,0,3,2],[0,0,0,0],[3,0,3,0],[2,0,0,2]]

Adjacency Matrix:
[[1,1,1,1],[1,0,0,1],[1,0,0,1],[1,1,1,0]]
Operation Table:
[[1,0,3,2],[0,0,0,0],[3,0,3,0],[2,0,0,2]]

Adjacency Matrix:
[[1,1,1,1],[1,0,0,0],[1,0,0,1],[1,0,1,0]]
Operation Table:
[[1,0,3,2],[0,0,0,0],[3,0,3,0],[2,0,0,2]]

Adjacency Matrix:
[[1,1,1,1],[1,1,0,1],[1,0,1,1],[1,1,1,1]]
Operation Table:
[[1,0,3,2],[0,0,0,0],[3,0,3,0],[2,0,0,2]]

Adjacency Matrix:
[[1,1,1,1],[1,1,0,1],[1,0,0,1],[1,1,1,1]]
Operation Table:
[[1,0,3,2],[0,0,0,0],[3,0,3,0],[2,0,0,2]]

Adjacency Matrix:
[[1,1,1,1],[1,0,0,1],[1,0,1,1],[1,1,1,1]]
Operation Table:
[[1,0,3,2],[0,0,0,0],[3,0,3,0],[2,0,0,2]]

Adjacency Matrix:
[[1,1,1,1],[1,0,0,1],[1,0,0,1],[1,1,1,1]]
Operation Table:
[[1,0,3,2],[0,0,0,0],[3,0,3,0],[2,0,0,2]]

Adjacency Matrix:
[[1,1,1,1],[1,1,0,0],[1,0,1,1],[1,0,1,1]]
Operation Table:
[[1,0,3,2],[0,0,0,0],[3,0,3,0],[2,0,0,2]]

Adjacency Matrix:
[[1,1,1,1],[1,0,0,0],[1,0,1,1],[1,0,1,1]]
Operation Table:
[[1,0,3,2],[0,0,0,0],[3,0,3,0],[2,0,0,2]]

Adjacency Matrix:
[[1,1,1,1],[1,1,0,0],[1,0,0,1],[1,0,1,1]]
Operation Table:
[[1,0,3,2],[0,0,0,0],[3,0,3,0],[2,0,0,2]]

Adjacency Matrix:
[[1,1,1,1],[1,0,0,0],[1,0,0,1],[1,0,1,1]]
Operation Table:
[[0,0,1,1],[3,3,2,2],[3,3,2,2],[0,0,1,1]]

Adjacency Matrix:
[[1,1,1,1],[1,1,1,1],[1,1,1,1],[1,1,1,0]]
Operation Table:
[[0,0,1,1],[3,3,2,2],[3,3,2,2],[0,0,1,1]]

Adjacency Matrix:
[[1,1,1,1],[1,1,1,1],[1,1,1,1],[1,1,1,1]]
Operation Table:
[[0,0,1,1],[3,3,2,2],[3,3,2,2],[0,0,1,1]]

Adjacency Matrix:
[[1,1,1,1],[1,0,1,1],[1,1,1,1],[1,1,1,0]]
Operation Table:
[[0,0,1,1],[3,3,2,2],[3,3,2,2],[0,0,1,1]]

Adjacency Matrix:
[[1,1,1,1],[1,0,1,1],[1,1,1,1],[1,1,1,1]]
Operation Table:
[[0,0,1,1],[3,3,2,2],[3,3,2,2],[0,0,1,1]]

Adjacency Matrix:
[[1,1,0,1],[1,1,1,1],[0,1,1,1],[1,1,1,0]]
Operation Table:
[[0,0,1,1],[3,3,2,2],[3,3,2,2],[0,0,1,1]]

Adjacency Matrix:
[[1,1,0,1],[1,1,1,1],[0,1,1,1],[1,1,1,1]]
Operation Table:
[[0,0,1,1],[3,3,2,2],[3,3,2,2],[0,0,1,1]]

Adjacency Matrix:
[[1,1,0,1],[1,0,1,1],[0,1,1,1],[1,1,1,0]]
Operation Table:
[[0,0,1,1],[3,3,2,2],[3,3,2,2],[0,0,1,1]]

Adjacency Matrix:
[[1,1,0,1],[1,0,1,1],[0,1,1,1],[1,1,1,1]]
Operation Table:
[[0,0,1,1],[3,3,2,2],[3,3,2,2],[0,0,1,1]]

Adjacency Matrix:
[[1,1,0,1],[0,1,1,1],[1,0,1,1],[1,1,1,0]]
Operation Table:
[[0,0,1,1],[3,3,2,2],[3,3,2,2],[0,0,1,1]]

Adjacency Matrix:
[[1,1,0,1],[0,0,1,1],[1,0,1,1],[1,1,1,0]]
Operation Table:
[[0,0,1,1],[3,3,2,2],[3,3,2,2],[0,0,1,1]]

Adjacency Matrix:
[[1,1,0,1],[0,1,1,1],[1,0,1,1],[1,1,1,1]]
Operation Table:
[[0,0,1,1],[3,3,2,2],[3,3,2,2],[0,0,1,1]]

Adjacency Matrix:
[[1,1,0,1],[0,0,1,1],[1,0,1,1],[1,1,1,1]]
Operation Table:
[[0,0,1,1],[3,3,2,2],[3,3,2,2],[0,0,1,1]]

Adjacency Matrix:
[[1,1,1,0],[1,1,1,1],[0,1,1,1],[1,1,0,0]]
Operation Table:
[[0,0,1,1],[3,3,2,2],[3,3,2,2],[0,0,1,1]]

Adjacency Matrix:
[[1,1,1,0],[1,1,1,1],[0,1,1,1],[1,1,0,1]]
Operation Table:
[[0,0,1,1],[3,3,2,2],[3,3,2,2],[0,0,1,1]]

Adjacency Matrix:
[[1,1,1,0],[1,0,1,1],[0,1,1,1],[1,1,0,0]]
Operation Table:
[[0,0,1,1],[3,3,2,2],[3,3,2,2],[0,0,1,1]]

Adjacency Matrix:
[[1,1,1,0],[1,0,1,1],[0,1,1,1],[1,1,0,1]]
Operation Table:
[[0,0,1,1],[3,3,2,2],[3,3,2,2],[0,0,1,1]]

Adjacency Matrix:
[[1,1,1,0],[0,1,1,1],[1,0,1,1],[1,1,0,0]]
Operation Table:
[[0,0,1,1],[3,3,2,2],[3,3,2,2],[0,0,1,1]]

Adjacency Matrix:
[[1,1,0,0],[0,1,1,1],[0,0,1,1],[1,1,0,0]]
Operation Table:
[[0,0,1,1],[3,3,2,2],[3,3,2,2],[0,0,1,1]]

Adjacency Matrix:
[[1,1,1,0],[0,0,1,1],[1,0,1,1],[1,1,0,0]]
Operation Table:
[[0,0,1,1],[3,3,2,2],[3,3,2,2],[0,0,1,1]]

Adjacency Matrix:
[[1,1,0,0],[0,0,1,1],[0,0,1,1],[1,1,0,0]]
Operation Table:
[[0,0,1,1],[3,3,2,2],[3,3,2,2],[0,0,1,1]]

Adjacency Matrix:
[[1,1,1,0],[0,1,1,1],[1,0,1,1],[1,1,0,1]]
Operation Table:
[[0,0,1,1],[3,3,2,2],[3,3,2,2],[0,0,1,1]]

Adjacency Matrix:
[[1,1,0,0],[0,1,1,1],[0,0,1,1],[1,1,0,1]]
Operation Table:
[[0,0,1,1],[3,3,2,2],[3,3,2,2],[0,0,1,1]]

Adjacency Matrix:
[[1,1,1,0],[0,0,1,1],[1,0,1,1],[1,1,0,1]]
Operation Table:
[[0,0,1,1],[3,3,2,2],[3,3,2,2],[0,0,1,1]]

Adjacency Matrix:
[[1,1,0,0],[0,0,1,1],[0,0,1,1],[1,1,0,1]]
Operation Table:
[[3,2,3,2],[2,2,2,2],[3,2,1,0],[2,2,0,0]]

Adjacency Matrix:
[[1,1,1,1],[1,1,1,1],[1,1,1,1],[1,1,1,0]]
Operation Table:
[[3,2,3,2],[2,2,2,2],[3,2,1,0],[2,2,0,0]]

Adjacency Matrix:
[[1,1,1,1],[1,1,1,1],[1,1,1,1],[1,1,1,1]]
Operation Table:
[[3,2,3,2],[2,2,2,2],[3,2,1,0],[2,2,0,0]]

Adjacency Matrix:
[[1,1,1,1],[1,0,1,1],[1,1,1,1],[1,1,1,0]]
Operation Table:
[[3,2,3,2],[2,2,2,2],[3,2,1,0],[2,2,0,0]]

Adjacency Matrix:
[[1,1,1,1],[1,0,1,1],[1,1,1,1],[1,1,1,1]]
Operation Table:
[[3,2,3,2],[2,2,2,2],[3,2,1,0],[2,2,0,0]]

Adjacency Matrix:
[[1,1,1,1],[1,1,1,0],[1,1,1,1],[1,0,1,0]]
Operation Table:
[[3,2,3,2],[2,2,2,2],[3,2,1,0],[2,2,0,0]]

Adjacency Matrix:
[[1,1,1,1],[1,0,1,0],[1,1,1,1],[1,0,1,0]]
Operation Table:
[[3,2,3,2],[2,2,2,2],[3,2,1,0],[2,2,0,0]]

Adjacency Matrix:
[[1,1,1,1],[1,1,1,0],[1,1,1,1],[1,0,1,1]]
Operation Table:
[[3,2,3,2],[2,2,2,2],[3,2,1,0],[2,2,0,0]]

Adjacency Matrix:
[[1,1,1,1],[1,0,1,0],[1,1,1,1],[1,0,1,1]]
Operation Table:
[[3,2,3,2],[2,2,2,2],[3,2,1,0],[2,2,0,0]]

Adjacency Matrix:
[[1,0,1,1],[0,1,1,1],[1,1,1,1],[1,1,1,0]]
Operation Table:
[[3,2,3,2],[2,2,2,2],[3,2,1,0],[2,2,0,0]]

Adjacency Matrix:
[[1,0,1,1],[0,1,1,0],[1,1,1,1],[1,0,1,0]]
Operation Table:
[[3,2,3,2],[2,2,2,2],[3,2,1,0],[2,2,0,0]]

Adjacency Matrix:
[[1,0,1,1],[0,1,1,1],[1,1,1,1],[1,1,1,1]]
Operation Table:
[[3,2,3,2],[2,2,2,2],[3,2,1,0],[2,2,0,0]]

Adjacency Matrix:
[[1,0,1,1],[0,1,1,0],[1,1,1,1],[1,0,1,1]]
Operation Table:
[[3,2,3,2],[2,2,2,2],[3,2,1,0],[2,2,0,0]]

Adjacency Matrix:
[[1,0,1,1],[0,0,1,1],[1,1,1,1],[1,1,1,0]]
Operation Table:
[[3,2,3,2],[2,2,2,2],[3,2,1,0],[2,2,0,0]]

Adjacency Matrix:
[[1,0,1,1],[0,0,1,1],[1,1,1,1],[1,1,1,1]]
Operation Table:
[[3,2,3,2],[2,2,2,2],[3,2,1,0],[2,2,0,0]]

Adjacency Matrix:
[[1,0,1,1],[0,0,1,0],[1,1,1,1],[1,0,1,0]]
Operation Table:
[[3,2,3,2],[2,2,2,2],[3,2,1,0],[2,2,0,0]]

Adjacency Matrix:
[[1,0,1,1],[0,0,1,0],[1,1,1,1],[1,0,1,1]]
Operation Table:
[[3,2,3,2],[2,2,2,2],[3,2,1,0],[2,2,0,0]]

Adjacency Matrix:
[[0,0,1,1],[0,1,1,1],[1,1,1,1],[1,1,1,0]]
Operation Table:
[[3,2,3,2],[2,2,2,2],[3,2,1,0],[2,2,0,0]]

Adjacency Matrix:
[[0,1,1,1],[1,1,1,1],[1,1,1,1],[1,1,1,0]]
Operation Table:
[[3,2,3,2],[2,2,2,2],[3,2,1,0],[2,2,0,0]]

Adjacency Matrix:
[[0,0,1,1],[0,0,1,1],[1,1,1,1],[1,1,1,0]]
Operation Table:
[[3,2,3,2],[2,2,2,2],[3,2,1,0],[2,2,0,0]]

Adjacency Matrix:
[[0,1,1,1],[1,0,1,1],[1,1,1,1],[1,1,1,0]]
Operation Table:
[[3,2,3,2],[2,2,2,2],[3,2,1,0],[2,2,0,0]]

Adjacency Matrix:
[[0,0,1,1],[0,1,1,0],[1,1,1,1],[1,0,1,0]]
Operation Table:
[[3,2,3,2],[2,2,2,2],[3,2,1,0],[2,2,0,0]]

Adjacency Matrix:
[[0,1,1,1],[1,1,1,0],[1,1,1,1],[1,0,1,0]]
Operation Table:
[[3,2,3,2],[2,2,2,2],[3,2,1,0],[2,2,0,0]]

Adjacency Matrix:
[[0,0,1,1],[0,0,1,0],[1,1,1,1],[1,0,1,0]]
Operation Table:
[[3,2,3,2],[2,2,2,2],[3,2,1,0],[2,2,0,0]]

Adjacency Matrix:
[[0,1,1,1],[1,0,1,0],[1,1,1,1],[1,0,1,0]]
Operation Table:
[[3,2,3,2],[2,2,2,2],[3,2,1,0],[2,2,0,0]]

Adjacency Matrix:
[[0,0,1,1],[0,1,1,1],[1,1,1,1],[1,1,1,1]]
Operation Table:
[[3,2,3,2],[2,2,2,2],[3,2,1,0],[2,2,0,0]]

Adjacency Matrix:
[[0,0,1,1],[0,1,1,0],[1,1,1,1],[1,0,1,1]]
Operation Table:
[[3,2,3,2],[2,2,2,2],[3,2,1,0],[2,2,0,0]]

Adjacency Matrix:
[[0,0,1,1],[0,0,1,1],[1,1,1,1],[1,1,1,1]]
Operation Table:
[[3,2,3,2],[2,2,2,2],[3,2,1,0],[2,2,0,0]]

Adjacency Matrix:
[[0,0,1,1],[0,0,1,0],[1,1,1,1],[1,0,1,1]]
Operation Table:
[[3,2,3,2],[2,2,2,2],[3,2,1,0],[2,2,0,0]]

Adjacency Matrix:
[[0,1,1,1],[1,1,1,1],[1,1,1,1],[1,1,1,1]]
Operation Table:
[[3,2,3,2],[2,2,2,2],[3,2,1,0],[2,2,0,0]]

Adjacency Matrix:
[[0,1,1,1],[1,0,1,1],[1,1,1,1],[1,1,1,1]]
Operation Table:
[[3,2,3,2],[2,2,2,2],[3,2,1,0],[2,2,0,0]]

Adjacency Matrix:
[[0,1,1,1],[1,1,1,0],[1,1,1,1],[1,0,1,1]]
Operation Table:
[[3,2,3,2],[2,2,2,2],[3,2,1,0],[2,2,0,0]]

Adjacency Matrix:
[[0,1,1,1],[1,0,1,0],[1,1,1,1],[1,0,1,1]]
Operation Table:
[[3,3,2,2],[1,1,0,0],[3,3,2,2],[1,1,0,0]]

Adjacency Matrix:
[[0,1,1,1],[1,1,1,1],[1,1,1,1],[1,1,1,0]]
Operation Table:
[[3,3,2,2],[1,1,0,0],[3,3,2,2],[1,1,0,0]]

Adjacency Matrix:
[[0,1,1,1],[1,1,1,1],[1,1,1,1],[1,1,1,1]]
Operation Table:
[[3,3,2,2],[1,1,0,0],[3,3,2,2],[1,1,0,0]]

Adjacency Matrix:
[[1,1,1,1],[1,1,1,1],[1,1,1,1],[1,1,1,0]]
Operation Table:
[[3,3,2,2],[1,1,0,0],[3,3,2,2],[1,1,0,0]]

Adjacency Matrix:
[[1,1,1,1],[1,1,1,1],[1,1,1,1],[1,1,1,1]]
Operation Table:
[[3,3,2,2],[1,1,0,0],[3,3,2,2],[1,1,0,0]]

Adjacency Matrix:
[[0,1,1,1],[1,1,1,0],[1,0,1,1],[1,1,0,0]]
Operation Table:
[[3,3,2,2],[1,1,0,0],[3,3,2,2],[1,1,0,0]]

Adjacency Matrix:
[[1,1,1,1],[1,1,1,0],[1,0,1,1],[1,1,0,0]]
Operation Table:
[[3,3,2,2],[1,1,0,0],[3,3,2,2],[1,1,0,0]]

Adjacency Matrix:
[[0,1,1,1],[1,1,1,0],[1,0,1,1],[1,1,0,1]]
Operation Table:
[[3,3,2,2],[1,1,0,0],[3,3,2,2],[1,1,0,0]]

Adjacency Matrix:
[[1,1,1,1],[1,1,1,0],[1,0,1,1],[1,1,0,1]]
Operation Table:
[[3,3,2,2],[1,1,0,0],[3,3,2,2],[1,1,0,0]]

Adjacency Matrix:
[[0,0,1,1],[1,1,1,0],[0,1,1,1],[1,1,0,0]]
Operation Table:
[[3,3,2,2],[1,1,0,0],[3,3,2,2],[1,1,0,0]]

Adjacency Matrix:
[[0,0,1,1],[1,1,1,0],[0,1,1,1],[1,1,0,1]]
Operation Table:
[[3,3,2,2],[1,1,0,0],[3,3,2,2],[1,1,0,0]]

Adjacency Matrix:
[[1,0,1,1],[1,1,1,0],[0,1,1,1],[1,1,0,0]]
Operation Table:
[[3,3,2,2],[1,1,0,0],[3,3,2,2],[1,1,0,0]]

Adjacency Matrix:
[[1,0,1,1],[1,1,1,0],[0,1,1,1],[1,1,0,1]]
Operation Table:
[[3,3,2,2],[1,1,0,0],[3,3,2,2],[1,1,0,0]]

Adjacency Matrix:
[[0,1,1,1],[1,1,0,1],[1,0,1,1],[1,1,1,0]]
Operation Table:
[[3,3,2,2],[1,1,0,0],[3,3,2,2],[1,1,0,0]]

Adjacency Matrix:
[[1,1,1,1],[1,1,0,1],[1,0,1,1],[1,1,1,0]]
Operation Table:
[[3,3,2,2],[1,1,0,0],[3,3,2,2],[1,1,0,0]]

Adjacency Matrix:
[[0,1,1,1],[1,1,0,1],[1,0,1,1],[1,1,1,1]]
Operation Table:
[[3,3,2,2],[1,1,0,0],[3,3,2,2],[1,1,0,0]]

Adjacency Matrix:
[[1,1,1,1],[1,1,0,1],[1,0,1,1],[1,1,1,1]]
Operation Table:
[[3,3,2,2],[1,1,0,0],[3,3,2,2],[1,1,0,0]]

Adjacency Matrix:
[[0,0,1,1],[1,1,0,1],[0,1,1,1],[1,1,1,0]]
Operation Table:
[[3,3,2,2],[1,1,0,0],[3,3,2,2],[1,1,0,0]]

Adjacency Matrix:
[[0,0,1,1],[1,1,0,0],[0,0,1,1],[1,1,0,0]]
Operation Table:
[[3,3,2,2],[1,1,0,0],[3,3,2,2],[1,1,0,0]]

Adjacency Matrix:
[[0,0,1,1],[1,1,0,1],[0,1,1,1],[1,1,1,1]]
Operation Table:
[[3,3,2,2],[1,1,0,0],[3,3,2,2],[1,1,0,0]]

Adjacency Matrix:
[[0,0,1,1],[1,1,0,0],[0,0,1,1],[1,1,0,1]]
Operation Table:
[[3,3,2,2],[1,1,0,0],[3,3,2,2],[1,1,0,0]]

Adjacency Matrix:
[[1,0,1,1],[1,1,0,1],[0,1,1,1],[1,1,1,0]]
Operation Table:
[[3,3,2,2],[1,1,0,0],[3,3,2,2],[1,1,0,0]]

Adjacency Matrix:
[[1,0,1,1],[1,1,0,1],[0,1,1,1],[1,1,1,1]]
Operation Table:
[[3,3,2,2],[1,1,0,0],[3,3,2,2],[1,1,0,0]]

Adjacency Matrix:
[[1,0,1,1],[1,1,0,0],[0,0,1,1],[1,1,0,0]]
Operation Table:
[[3,3,2,2],[1,1,0,0],[3,3,2,2],[1,1,0,0]]

Adjacency Matrix:
[[1,0,1,1],[1,1,0,0],[0,0,1,1],[1,1,0,1]]
Operation Table:
[[3,2,1,0],[2,2,0,0],[1,0,1,0],[0,0,0,0]]

Adjacency Matrix:
[[1,1,1,1],[1,1,1,1],[1,1,1,1],[1,1,1,0]]
Operation Table:
[[3,2,1,0],[2,2,0,0],[1,0,1,0],[0,0,0,0]]

Adjacency Matrix:
[[1,1,1,1],[1,1,1,1],[1,1,1,1],[1,1,1,1]]
Operation Table:
[[3,2,1,0],[2,2,0,0],[1,0,1,0],[0,0,0,0]]

Adjacency Matrix:
[[1,1,1,1],[1,1,1,0],[1,1,1,1],[1,0,1,0]]
Operation Table:
[[3,2,1,0],[2,2,0,0],[1,0,1,0],[0,0,0,0]]

Adjacency Matrix:
[[1,1,1,1],[1,1,1,0],[1,1,1,1],[1,0,1,1]]
Operation Table:
[[3,2,1,0],[2,2,0,0],[1,0,1,0],[0,0,0,0]]

Adjacency Matrix:
[[1,1,1,1],[1,0,1,1],[1,1,1,1],[1,1,1,0]]
Operation Table:
[[3,2,1,0],[2,2,0,0],[1,0,1,0],[0,0,0,0]]

Adjacency Matrix:
[[1,1,1,1],[1,0,1,0],[1,1,1,1],[1,0,1,0]]
Operation Table:
[[3,2,1,0],[2,2,0,0],[1,0,1,0],[0,0,0,0]]

Adjacency Matrix:
[[1,1,1,1],[1,0,1,1],[1,1,1,1],[1,1,1,1]]
Operation Table:
[[3,2,1,0],[2,2,0,0],[1,0,1,0],[0,0,0,0]]

Adjacency Matrix:
[[1,1,1,1],[1,0,1,0],[1,1,1,1],[1,0,1,1]]
Operation Table:
[[3,3,1,1],[3,2,1,0],[1,1,1,1],[1,0,1,0]]

Adjacency Matrix:
[[1,1,1,1],[1,1,1,1],[1,1,1,1],[1,1,1,0]]
Operation Table:
[[3,3,1,1],[3,2,1,0],[1,1,1,1],[1,0,1,0]]

Adjacency Matrix:
[[0,1,1,1],[1,1,1,1],[1,1,1,1],[1,1,1,0]]
Operation Table:
[[3,3,1,1],[3,2,1,0],[1,1,1,1],[1,0,1,0]]

Adjacency Matrix:
[[1,1,1,1],[1,1,1,1],[1,1,1,1],[1,1,1,1]]
Operation Table:
[[3,3,1,1],[3,2,1,0],[1,1,1,1],[1,0,1,0]]

Adjacency Matrix:
[[0,1,1,1],[1,1,1,1],[1,1,1,1],[1,1,1,1]]
Operation Table:
[[3,1,3,1],[3,1,3,1],[2,0,2,0],[2,0,2,0]]

Adjacency Matrix:
[[1,1,1,1],[1,1,1,1],[1,1,1,1],[1,1,1,0]]
Operation Table:
[[3,1,3,1],[3,1,3,1],[2,0,2,0],[2,0,2,0]]

Adjacency Matrix:
[[1,1,1,1],[1,1,1,1],[1,1,1,1],[1,1,1,1]]
Operation Table:
[[3,1,3,1],[3,1,3,1],[2,0,2,0],[2,0,2,0]]

Adjacency Matrix:
[[0,1,1,1],[1,1,1,1],[1,1,1,1],[1,1,1,0]]
Operation Table:
[[3,1,3,1],[3,1,3,1],[2,0,2,0],[2,0,2,0]]

Adjacency Matrix:
[[0,1,1,1],[1,1,1,1],[1,1,1,1],[1,1,1,1]]
Operation Table:
[[3,1,3,1],[3,1,3,1],[2,0,2,0],[2,0,2,0]]

Adjacency Matrix:
[[1,1,1,1],[1,1,0,1],[1,0,1,1],[1,1,1,0]]
Operation Table:
[[3,1,3,1],[3,1,3,1],[2,0,2,0],[2,0,2,0]]

Adjacency Matrix:
[[0,1,1,1],[1,1,0,1],[1,0,1,1],[1,1,1,0]]
Operation Table:
[[3,1,3,1],[3,1,3,1],[2,0,2,0],[2,0,2,0]]

Adjacency Matrix:
[[1,1,1,1],[1,1,0,1],[1,0,1,1],[1,1,1,1]]
Operation Table:
[[3,1,3,1],[3,1,3,1],[2,0,2,0],[2,0,2,0]]

Adjacency Matrix:
[[0,1,1,1],[1,1,0,1],[1,0,1,1],[1,1,1,1]]
Operation Table:
[[3,3,1,1],[3,2,1,0],[1,1,1,1],[1,0,1,0]]

Adjacency Matrix:
[[1,1,1,1],[1,1,1,1],[1,1,0,1],[1,1,1,0]]
Operation Table:
[[3,3,1,1],[3,2,1,0],[1,1,1,1],[1,0,1,0]]

Adjacency Matrix:
[[1,1,1,1],[1,1,1,1],[1,1,0,1],[1,1,1,1]]
Operation Table:
[[3,3,1,1],[3,2,1,0],[1,1,1,1],[1,0,1,0]]

Adjacency Matrix:
[[0,1,1,1],[1,1,1,1],[1,1,0,1],[1,1,1,0]]
Operation Table:
[[3,3,1,1],[3,2,1,0],[1,1,1,1],[1,0,1,0]]

Adjacency Matrix:
[[0,1,1,1],[1,1,1,1],[1,1,0,1],[1,1,1,1]]
Operation Table:
[[3,2,1,0],[2,2,0,0],[1,0,1,0],[0,0,0,0]]

Adjacency Matrix:
[[1,1,1,1],[1,1,1,1],[1,1,0,1],[1,1,1,0]]
Operation Table:
[[3,2,1,0],[2,2,0,0],[1,0,1,0],[0,0,0,0]]

Adjacency Matrix:
[[1,1,1,1],[1,1,1,1],[1,1,0,1],[1,1,1,1]]
Operation Table:
[[3,2,1,0],[2,2,0,0],[1,0,1,0],[0,0,0,0]]

Adjacency Matrix:
[[1,1,1,1],[1,0,1,1],[1,1,0,1],[1,1,1,0]]
Operation Table:
[[3,2,1,0],[2,2,0,0],[1,0,1,0],[0,0,0,0]]

Adjacency Matrix:
[[1,1,1,1],[1,0,1,1],[1,1,0,1],[1,1,1,1]]
Operation Table:
[[3,2,1,0],[2,2,0,0],[1,0,1,0],[0,0,0,0]]

Adjacency Matrix:
[[1,1,1,1],[1,1,1,0],[1,1,0,1],[1,0,1,0]]
Operation Table:
[[3,2,1,0],[2,2,0,0],[1,0,1,0],[0,0,0,0]]

Adjacency Matrix:
[[1,1,1,1],[1,0,1,0],[1,1,0,1],[1,0,1,0]]
Operation Table:
[[3,2,1,0],[2,2,0,0],[1,0,1,0],[0,0,0,0]]

Adjacency Matrix:
[[1,1,1,1],[1,1,1,0],[1,1,0,1],[1,0,1,1]]
Operation Table:
[[3,2,1,0],[2,2,0,0],[1,0,1,0],[0,0,0,0]]

Adjacency Matrix:
[[1,1,1,1],[1,0,1,0],[1,1,0,1],[1,0,1,1]]
Operation Table:
[[3,3,1,1],[3,2,1,0],[1,1,1,1],[1,0,1,0]]

Adjacency Matrix:
[[1,1,0,1],[1,1,1,1],[0,1,0,1],[1,1,1,0]]
Operation Table:
[[3,3,1,1],[3,2,1,0],[1,1,1,1],[1,0,1,0]]

Adjacency Matrix:
[[1,1,0,1],[1,1,1,1],[0,1,1,1],[1,1,1,0]]
Operation Table:
[[3,3,1,1],[3,2,1,0],[1,1,1,1],[1,0,1,0]]

Adjacency Matrix:
[[1,1,0,1],[1,1,1,1],[0,1,0,1],[1,1,1,1]]
Operation Table:
[[3,3,1,1],[3,2,1,0],[1,1,1,1],[1,0,1,0]]

Adjacency Matrix:
[[1,1,0,1],[1,1,1,1],[0,1,1,1],[1,1,1,1]]
Operation Table:
[[3,3,1,1],[3,2,1,0],[1,1,1,1],[1,0,1,0]]

Adjacency Matrix:
[[0,1,0,1],[1,1,1,1],[0,1,0,1],[1,1,1,0]]
Operation Table:
[[3,3,1,1],[3,2,1,0],[1,1,1,1],[1,0,1,0]]

Adjacency Matrix:
[[0,1,0,1],[1,1,1,1],[0,1,1,1],[1,1,1,0]]
Operation Table:
[[3,3,1,1],[3,2,1,0],[1,1,1,1],[1,0,1,0]]

Adjacency Matrix:
[[0,1,0,1],[1,1,1,1],[0,1,0,1],[1,1,1,1]]
Operation Table:
[[3,3,1,1],[3,2,1,0],[1,1,1,1],[1,0,1,0]]

Adjacency Matrix:
[[0,1,0,1],[1,1,1,1],[0,1,1,1],[1,1,1,1]]
Operation Table:
[[3,1,3,1],[3,1,3,1],[2,0,2,0],[2,0,2,0]]

Adjacency Matrix:
[[1,1,0,1],[0,1,1,1],[1,0,1,1],[1,1,1,0]]
Operation Table:
[[3,1,3,1],[3,1,3,1],[2,0,2,0],[2,0,2,0]]

Adjacency Matrix:
[[1,1,0,1],[0,1,1,1],[1,0,1,1],[1,1,1,1]]
Operation Table:
[[3,1,3,1],[3,1,3,1],[2,0,2,0],[2,0,2,0]]

Adjacency Matrix:
[[0,1,0,1],[0,1,1,1],[1,0,1,1],[1,1,1,0]]
Operation Table:
[[3,1,3,1],[3,1,3,1],[2,0,2,0],[2,0,2,0]]

Adjacency Matrix:
[[0,1,0,1],[0,1,1,1],[1,0,1,1],[1,1,1,1]]
Operation Table:
[[1,2,1,2],[2,0,0,2],[1,0,3,2],[2,2,2,2]]

Adjacency Matrix:
[[1,1,1,1],[1,1,1,1],[1,1,1,1],[1,1,1,0]]
Operation Table:
[[1,2,1,2],[2,0,0,2],[1,0,3,2],[2,2,2,2]]

Adjacency Matrix:
[[1,1,1,1],[1,1,1,0],[1,1,1,1],[1,0,1,0]]
Operation Table:
[[1,2,1,2],[2,0,0,2],[1,0,3,2],[2,2,2,2]]

Adjacency Matrix:
[[0,1,1,1],[1,1,1,1],[1,1,1,1],[1,1,1,0]]
Operation Table:
[[1,2,1,2],[2,0,0,2],[1,0,3,2],[2,2,2,2]]

Adjacency Matrix:
[[0,1,1,1],[1,1,1,0],[1,1,1,1],[1,0,1,0]]
Operation Table:
[[1,2,1,2],[2,0,0,2],[1,0,3,2],[2,2,2,2]]

Adjacency Matrix:
[[1,1,1,1],[1,1,1,1],[1,1,1,1],[1,1,1,1]]
Operation Table:
[[1,2,1,2],[2,0,0,2],[1,0,3,2],[2,2,2,2]]

Adjacency Matrix:
[[0,1,1,1],[1,1,1,1],[1,1,1,1],[1,1,1,1]]
Operation Table:
[[1,2,1,2],[2,0,0,2],[1,0,3,2],[2,2,2,2]]

Adjacency Matrix:
[[1,1,1,1],[1,1,1,0],[1,1,1,1],[1,0,1,1]]
Operation Table:
[[1,2,1,2],[2,0,0,2],[1,0,3,2],[2,2,2,2]]

Adjacency Matrix:
[[0,1,1,1],[1,1,1,0],[1,1,1,1],[1,0,1,1]]
Operation Table:
[[1,2,1,2],[2,0,0,2],[1,0,3,2],[2,2,2,2]]

Adjacency Matrix:
[[1,1,1,1],[1,0,1,1],[1,1,1,1],[1,1,1,0]]
Operation Table:
[[1,2,1,2],[2,0,0,2],[1,0,3,2],[2,2,2,2]]

Adjacency Matrix:
[[1,1,1,1],[1,0,1,1],[1,1,1,1],[1,1,1,1]]
Operation Table:
[[1,2,1,2],[2,0,0,2],[1,0,3,2],[2,2,2,2]]

Adjacency Matrix:
[[1,1,1,1],[1,0,1,0],[1,1,1,1],[1,0,1,0]]
Operation Table:
[[1,2,1,2],[2,0,0,2],[1,0,3,2],[2,2,2,2]]

Adjacency Matrix:
[[1,1,1,1],[1,0,1,0],[1,1,1,1],[1,0,1,1]]
Operation Table:
[[1,2,1,2],[2,0,0,2],[1,0,3,2],[2,2,2,2]]

Adjacency Matrix:
[[0,1,1,1],[1,0,1,1],[1,1,1,1],[1,1,1,0]]
Operation Table:
[[1,2,1,2],[2,0,0,2],[1,0,3,2],[2,2,2,2]]

Adjacency Matrix:
[[0,1,1,1],[1,0,1,1],[1,1,1,1],[1,1,1,1]]
Operation Table:
[[1,2,1,2],[2,0,0,2],[1,0,3,2],[2,2,2,2]]

Adjacency Matrix:
[[0,1,1,1],[1,0,1,0],[1,1,1,1],[1,0,1,0]]
Operation Table:
[[1,2,1,2],[2,0,0,2],[1,0,3,2],[2,2,2,2]]

Adjacency Matrix:
[[0,1,1,1],[1,0,1,0],[1,1,1,1],[1,0,1,1]]
Operation Table:
[[1,1,1,1],[1,0,3,2],[1,3,3,1],[1,2,1,2]]

Adjacency Matrix:
[[1,1,1,1],[1,1,1,1],[1,1,1,1],[1,1,1,0]]
Operation Table:
[[1,1,1,1],[1,0,3,2],[1,3,3,1],[1,2,1,2]]

Adjacency Matrix:
[[0,1,1,1],[1,1,1,1],[1,1,1,1],[1,1,1,0]]
Operation Table:
[[1,1,1,1],[1,0,3,2],[1,3,3,1],[1,2,1,2]]

Adjacency Matrix:
[[1,1,1,1],[1,1,1,1],[1,1,1,1],[1,1,1,1]]
Operation Table:
[[1,1,1,1],[1,0,3,2],[1,3,3,1],[1,2,1,2]]

Adjacency Matrix:
[[0,1,1,1],[1,1,1,1],[1,1,1,1],[1,1,1,1]]
Operation Table:
[[1,1,1,1],[1,0,3,2],[1,3,3,1],[1,2,1,2]]

Adjacency Matrix:
[[1,1,1,1],[1,1,1,1],[1,1,0,1],[1,1,1,0]]
Operation Table:
[[1,1,1,1],[1,0,3,2],[1,3,3,1],[1,2,1,2]]

Adjacency Matrix:
[[1,1,1,1],[1,1,1,1],[1,1,0,1],[1,1,1,1]]
Operation Table:
[[1,1,1,1],[1,0,3,2],[1,3,3,1],[1,2,1,2]]

Adjacency Matrix:
[[0,1,1,1],[1,1,1,1],[1,1,0,1],[1,1,1,0]]
Operation Table:
[[1,1,1,1],[1,0,3,2],[1,3,3,1],[1,2,1,2]]

Adjacency Matrix:
[[0,1,1,1],[1,1,1,1],[1,1,0,1],[1,1,1,1]]
Operation Table:
[[1,1,1,1],[1,0,3,2],[1,3,3,1],[1,2,1,2]]

Adjacency Matrix:
[[1,1,0,1],[1,1,1,1],[0,1,1,1],[1,1,1,0]]
Operation Table:
[[1,1,1,1],[1,0,3,2],[1,3,3,1],[1,2,1,2]]

Adjacency Matrix:
[[1,1,0,1],[1,1,1,1],[0,1,0,1],[1,1,1,0]]
Operation Table:
[[1,1,1,1],[1,0,3,2],[1,3,3,1],[1,2,1,2]]

Adjacency Matrix:
[[0,1,0,1],[1,1,1,1],[0,1,1,1],[1,1,1,0]]
Operation Table:
[[1,1,1,1],[1,0,3,2],[1,3,3,1],[1,2,1,2]]

Adjacency Matrix:
[[0,1,0,1],[1,1,1,1],[0,1,0,1],[1,1,1,0]]
Operation Table:
[[1,1,1,1],[1,0,3,2],[1,3,3,1],[1,2,1,2]]

Adjacency Matrix:
[[1,1,0,1],[1,1,1,1],[0,1,1,1],[1,1,1,1]]
Operation Table:
[[1,1,1,1],[1,0,3,2],[1,3,3,1],[1,2,1,2]]

Adjacency Matrix:
[[1,1,0,1],[1,1,1,1],[0,1,0,1],[1,1,1,1]]
Operation Table:
[[1,1,1,1],[1,0,3,2],[1,3,3,1],[1,2,1,2]]

Adjacency Matrix:
[[0,1,0,1],[1,1,1,1],[0,1,1,1],[1,1,1,1]]
Operation Table:
[[1,1,1,1],[1,0,3,2],[1,3,3,1],[1,2,1,2]]

Adjacency Matrix:
[[0,1,0,1],[1,1,1,1],[0,1,0,1],[1,1,1,1]]
Operation Table:
[[0,3,3,0],[0,3,3,0],[1,2,2,1],[1,2,2,1]]

Adjacency Matrix:
[[1,1,0,1],[1,1,1,1],[0,1,1,1],[1,1,1,0]]
Operation Table:
[[0,3,3,0],[0,3,3,0],[1,2,2,1],[1,2,2,1]]

Adjacency Matrix:
[[1,1,1,1],[1,1,1,1],[1,1,1,1],[1,1,1,0]]
Operation Table:
[[0,3,3,0],[0,3,3,0],[1,2,2,1],[1,2,2,1]]

Adjacency Matrix:
[[1,1,0,1],[1,1,1,1],[0,1,1,1],[1,1,1,1]]
Operation Table:
[[0,3,3,0],[0,3,3,0],[1,2,2,1],[1,2,2,1]]

Adjacency Matrix:
[[1,1,1,1],[1,1,1,1],[1,1,1,1],[1,1,1,1]]
Operation Table:
[[0,3,3,0],[0,3,3,0],[1,2,2,1],[1,2,2,1]]

Adjacency Matrix:
[[1,1,0,1],[1,0,1,1],[0,1,1,1],[1,1,1,0]]
Operation Table:
[[0,3,3,0],[0,3,3,0],[1,2,2,1],[1,2,2,1]]

Adjacency Matrix:
[[1,1,0,1],[1,0,1,1],[0,1,1,1],[1,1,1,1]]
Operation Table:
[[0,3,3,0],[0,3,3,0],[1,2,2,1],[1,2,2,1]]

Adjacency Matrix:
[[1,1,1,1],[1,0,1,1],[1,1,1,1],[1,1,1,0]]
Operation Table:
[[0,3,3,0],[0,3,3,0],[1,2,2,1],[1,2,2,1]]

Adjacency Matrix:
[[1,1,1,1],[1,0,1,1],[1,1,1,1],[1,1,1,1]]
Operation Table:
[[0,3,3,0],[0,3,3,0],[1,2,2,1],[1,2,2,1]]

Adjacency Matrix:
[[1,0,1,1],[1,1,0,1],[0,1,1,1],[1,1,1,0]]
Operation Table:
[[0,3,3,0],[0,3,3,0],[1,2,2,1],[1,2,2,1]]

Adjacency Matrix:
[[1,0,1,1],[1,0,0,1],[0,1,1,1],[1,1,1,0]]
Operation Table:
[[0,3,3,0],[0,3,3,0],[1,2,2,1],[1,2,2,1]]

Adjacency Matrix:
[[1,0,1,1],[1,1,0,1],[0,1,1,1],[1,1,1,1]]
Operation Table:
[[0,3,3,0],[0,3,3,0],[1,2,2,1],[1,2,2,1]]

Adjacency Matrix:
[[1,0,1,1],[1,0,0,1],[0,1,1,1],[1,1,1,1]]
Operation Table:
[[0,3,3,0],[2,1,1,2],[0,3,3,0],[2,1,1,2]]

Adjacency Matrix:
[[1,1,1,1],[1,1,1,1],[1,1,1,1],[1,1,1,0]]
Operation Table:
[[0,3,3,0],[2,1,1,2],[0,3,3,0],[2,1,1,2]]

Adjacency Matrix:
[[1,1,1,1],[1,1,1,1],[1,1,1,1],[1,1,1,1]]
Operation Table:
[[0,3,3,0],[2,1,1,2],[0,3,3,0],[2,1,1,2]]

Adjacency Matrix:
[[1,1,1,1],[1,1,1,1],[1,1,0,1],[1,1,1,0]]
Operation Table:
[[0,3,3,0],[2,1,1,2],[0,3,3,0],[2,1,1,2]]

Adjacency Matrix:
[[1,1,1,1],[1,1,1,1],[1,1,0,1],[1,1,1,1]]
Operation Table:
[[0,3,3,0],[2,1,1,2],[0,3,3,0],[2,1,1,2]]

Adjacency Matrix:
[[1,0,1,1],[0,1,1,1],[1,1,1,1],[1,1,1,0]]
Operation Table:
[[0,3,3,0],[2,1,1,2],[0,3,3,0],[2,1,1,2]]

Adjacency Matrix:
[[1,0,1,1],[0,1,1,1],[1,1,0,1],[1,1,1,0]]
Operation Table:
[[0,3,3,0],[2,1,1,2],[0,3,3,0],[2,1,1,2]]

Adjacency Matrix:
[[1,0,1,1],[0,1,1,1],[1,1,1,1],[1,1,1,1]]
Operation Table:
[[0,3,3,0],[2,1,1,2],[0,3,3,0],[2,1,1,2]]

Adjacency Matrix:
[[1,0,1,1],[0,1,1,1],[1,1,0,1],[1,1,1,1]]
Operation Table:
[[0,3,3,0],[2,1,1,2],[0,3,3,0],[2,1,1,2]]

Adjacency Matrix:
[[1,1,0,1],[0,1,1,1],[1,0,1,1],[1,1,1,0]]
Operation Table:
[[0,3,3,0],[2,1,1,2],[0,3,3,0],[2,1,1,2]]

Adjacency Matrix:
[[1,1,0,1],[0,1,1,1],[1,0,1,1],[1,1,1,1]]
Operation Table:
[[0,3,3,0],[2,1,1,2],[0,3,3,0],[2,1,1,2]]

Adjacency Matrix:
[[1,1,0,1],[0,1,1,1],[1,0,0,1],[1,1,1,0]]
Operation Table:
[[0,3,3,0],[2,1,1,2],[0,3,3,0],[2,1,1,2]]

Adjacency Matrix:
[[1,1,0,1],[0,1,1,1],[1,0,0,1],[1,1,1,1]]
Operation Table:
[[1,2,1,2],[2,0,0,2],[1,0,3,2],[2,2,2,2]]

Adjacency Matrix:
[[1,1,1,0],[1,1,1,1],[1,1,1,1],[0,1,1,0]]
Operation Table:
[[1,2,1,2],[2,0,0,2],[1,0,3,2],[2,2,2,2]]

Adjacency Matrix:
[[1,1,1,0],[1,1,1,1],[1,1,1,1],[0,1,1,1]]
Operation Table:
[[1,2,1,2],[2,0,0,2],[1,0,3,2],[2,2,2,2]]

Adjacency Matrix:
[[1,1,1,0],[1,0,1,1],[1,1,1,1],[0,1,1,0]]
Operation Table:
[[1,2,1,2],[2,0,0,2],[1,0,3,2],[2,2,2,2]]

Adjacency Matrix:
[[1,1,1,0],[1,0,1,1],[1,1,1,1],[0,1,1,1]]
Operation Table:
[[1,2,1,2],[2,0,0,2],[1,0,3,2],[2,2,2,2]]

Adjacency Matrix:
[[1,1,1,0],[1,1,1,0],[1,1,1,1],[0,0,1,0]]
Operation Table:
[[1,2,1,2],[2,0,0,2],[1,0,3,2],[2,2,2,2]]

Adjacency Matrix:
[[1,1,1,0],[1,0,1,0],[1,1,1,1],[0,0,1,0]]
Operation Table:
[[1,2,1,2],[2,0,0,2],[1,0,3,2],[2,2,2,2]]

Adjacency Matrix:
[[1,1,1,0],[1,1,1,0],[1,1,1,1],[0,0,1,1]]
Operation Table:
[[1,2,1,2],[2,0,0,2],[1,0,3,2],[2,2,2,2]]

Adjacency Matrix:
[[1,1,1,0],[1,0,1,0],[1,1,1,1],[0,0,1,1]]
Operation Table:
[[1,2,1,2],[2,0,0,2],[1,0,3,2],[2,2,2,2]]

Adjacency Matrix:
[[0,1,1,0],[1,1,1,1],[1,1,1,1],[0,1,1,0]]
Operation Table:
[[1,2,1,2],[2,0,0,2],[1,0,3,2],[2,2,2,2]]

Adjacency Matrix:
[[0,1,1,0],[1,1,1,0],[1,1,1,1],[0,0,1,0]]
Operation Table:
[[1,2,1,2],[2,0,0,2],[1,0,3,2],[2,2,2,2]]

Adjacency Matrix:
[[0,1,1,0],[1,1,1,1],[1,1,1,1],[0,1,1,1]]
Operation Table:
[[1,2,1,2],[2,0,0,2],[1,0,3,2],[2,2,2,2]]

Adjacency Matrix:
[[0,1,1,0],[1,1,1,0],[1,1,1,1],[0,0,1,1]]
Operation Table:
[[1,2,1,2],[2,0,0,2],[1,0,3,2],[2,2,2,2]]

Adjacency Matrix:
[[0,1,1,0],[1,0,1,1],[1,1,1,1],[0,1,1,0]]
Operation Table:
[[1,2,1,2],[2,0,0,2],[1,0,3,2],[2,2,2,2]]

Adjacency Matrix:
[[0,1,1,0],[1,0,1,0],[1,1,1,1],[0,0,1,0]]
Operation Table:
[[1,2,1,2],[2,0,0,2],[1,0,3,2],[2,2,2,2]]

Adjacency Matrix:
[[0,1,1,0],[1,0,1,1],[1,1,1,1],[0,1,1,1]]
Operation Table:
[[1,2,1,2],[2,0,0,2],[1,0,3,2],[2,2,2,2]]

Adjacency Matrix:
[[0,1,1,0],[1,0,1,0],[1,1,1,1],[0,0,1,1]]
Operation Table:
[[1,1,1,1],[1,0,3,2],[1,3,3,1],[1,2,1,2]]

Adjacency Matrix:
[[1,1,1,0],[1,1,1,1],[1,1,1,1],[0,1,1,0]]
Operation Table:
[[1,1,1,1],[1,0,3,2],[1,3,3,1],[1,2,1,2]]

Adjacency Matrix:
[[0,1,1,0],[1,1,1,1],[1,1,1,1],[0,1,1,0]]
Operation Table:
[[1,1,1,1],[1,0,3,2],[1,3,3,1],[1,2,1,2]]

Adjacency Matrix:
[[1,1,1,0],[1,1,1,1],[1,1,1,1],[0,1,1,1]]
Operation Table:
[[1,1,1,1],[1,0,3,2],[1,3,3,1],[1,2,1,2]]

Adjacency Matrix:
[[0,1,1,0],[1,1,1,1],[1,1,1,1],[0,1,1,1]]
Operation Table:
[[1,1,1,1],[1,0,3,2],[1,3,3,1],[1,2,1,2]]

Adjacency Matrix:
[[1,1,1,0],[1,1,1,1],[1,1,0,1],[0,1,1,0]]
Operation Table:
[[1,1,1,1],[1,0,3,2],[1,3,3,1],[1,2,1,2]]

Adjacency Matrix:
[[0,1,1,0],[1,1,1,1],[1,1,0,1],[0,1,1,0]]
Operation Table:
[[1,1,1,1],[1,0,3,2],[1,3,3,1],[1,2,1,2]]

Adjacency Matrix:
[[1,1,1,0],[1,1,1,1],[1,1,0,1],[0,1,1,1]]
Operation Table:
[[1,1,1,1],[1,0,3,2],[1,3,3,1],[1,2,1,2]]

Adjacency Matrix:
[[0,1,1,0],[1,1,1,1],[1,1,0,1],[0,1,1,1]]
Operation Table:
[[1,1,1,1],[1,0,3,2],[1,3,3,1],[1,2,1,2]]

Adjacency Matrix:
[[1,1,0,0],[1,1,1,1],[0,1,1,1],[0,1,1,0]]
Operation Table:
[[1,1,1,1],[1,0,3,2],[1,3,3,1],[1,2,1,2]]

Adjacency Matrix:
[[0,1,0,0],[1,1,1,1],[0,1,1,1],[0,1,1,0]]
Operation Table:
[[1,1,1,1],[1,0,3,2],[1,3,3,1],[1,2,1,2]]

Adjacency Matrix:
[[1,1,0,0],[1,1,1,1],[0,1,1,1],[0,1,1,1]]
Operation Table:
[[1,1,1,1],[1,0,3,2],[1,3,3,1],[1,2,1,2]]

Adjacency Matrix:
[[0,1,0,0],[1,1,1,1],[0,1,1,1],[0,1,1,1]]
Operation Table:
[[1,1,1,1],[1,0,3,2],[1,3,3,1],[1,2,1,2]]

Adjacency Matrix:
[[1,1,0,0],[1,1,1,1],[0,1,0,1],[0,1,1,0]]
Operation Table:
[[1,1,1,1],[1,0,3,2],[1,3,3,1],[1,2,1,2]]

Adjacency Matrix:
[[1,1,0,0],[1,1,1,1],[0,1,0,1],[0,1,1,1]]
Operation Table:
[[1,1,1,1],[1,0,3,2],[1,3,3,1],[1,2,1,2]]

Adjacency Matrix:
[[0,1,0,0],[1,1,1,1],[0,1,0,1],[0,1,1,0]]
Operation Table:
[[1,1,1,1],[1,0,3,2],[1,3,3,1],[1,2,1,2]]

Adjacency Matrix:
[[0,1,0,0],[1,1,1,1],[0,1,0,1],[0,1,1,1]]
Operation Table:
[[0,3,3,0],[2,1,1,2],[0,3,3,0],[2,1,1,2]]

Adjacency Matrix:
[[1,0,1,1],[1,1,1,0],[1,1,1,1],[0,1,1,0]]
Operation Table:
[[0,3,3,0],[2,1,1,2],[0,3,3,0],[2,1,1,2]]

Adjacency Matrix:
[[1,0,1,1],[1,1,1,0],[1,1,0,1],[0,1,1,0]]
Operation Table:
[[0,3,3,0],[2,1,1,2],[0,3,3,0],[2,1,1,2]]

Adjacency Matrix:
[[1,0,1,1],[1,1,1,0],[1,1,1,1],[0,1,1,1]]
Operation Table:
[[0,3,3,0],[2,1,1,2],[0,3,3,0],[2,1,1,2]]

Adjacency Matrix:
[[1,0,1,1],[1,1,1,0],[1,1,0,1],[0,1,1,1]]
Operation Table:
[[0,3,3,0],[2,1,1,2],[0,3,3,0],[2,1,1,2]]

Adjacency Matrix:
[[1,1,0,1],[1,1,1,0],[1,0,1,1],[0,1,1,0]]
Operation Table:
[[0,3,3,0],[2,1,1,2],[0,3,3,0],[2,1,1,2]]

Adjacency Matrix:
[[1,1,0,1],[1,1,1,0],[1,0,0,1],[0,1,1,0]]
Operation Table:
[[0,3,3,0],[2,1,1,2],[0,3,3,0],[2,1,1,2]]

Adjacency Matrix:
[[1,1,0,1],[1,1,1,0],[1,0,1,1],[0,1,1,1]]
Operation Table:
[[0,3,3,0],[2,1,1,2],[0,3,3,0],[2,1,1,2]]

Adjacency Matrix:
[[1,1,0,1],[1,1,1,0],[1,0,0,1],[0,1,1,1]]
Operation Table:
[[0,3,3,0],[2,1,1,2],[0,3,3,0],[2,1,1,2]]

Adjacency Matrix:
[[1,0,0,1],[0,1,1,0],[1,0,1,1],[0,1,1,0]]
Operation Table:
[[0,3,3,0],[2,1,1,2],[0,3,3,0],[2,1,1,2]]

Adjacency Matrix:
[[1,0,0,1],[0,1,1,0],[1,0,1,1],[0,1,1,1]]
Operation Table:
[[0,3,3,0],[2,1,1,2],[0,3,3,0],[2,1,1,2]]

Adjacency Matrix:
[[1,0,0,1],[0,1,1,0],[1,0,0,1],[0,1,1,0]]
Operation Table:
[[0,3,3,0],[2,1,1,2],[0,3,3,0],[2,1,1,2]]

Adjacency Matrix:
[[1,0,0,1],[0,1,1,0],[1,0,0,1],[0,1,1,1]]
Operation Table:
[[0,3,3,0],[0,3,3,0],[1,2,2,1],[1,2,2,1]]

Adjacency Matrix:
[[1,1,0,1],[1,1,1,1],[1,1,1,0],[0,1,1,0]]
Operation Table:
[[0,3,3,0],[0,3,3,0],[1,2,2,1],[1,2,2,1]]

Adjacency Matrix:
[[1,1,0,1],[1,1,1,1],[1,1,1,0],[0,1,1,1]]
Operation Table:
[[0,3,3,0],[0,3,3,0],[1,2,2,1],[1,2,2,1]]

Adjacency Matrix:
[[1,1,0,1],[1,0,1,1],[1,1,1,0],[0,1,1,0]]
Operation Table:
[[0,3,3,0],[0,3,3,0],[1,2,2,1],[1,2,2,1]]

Adjacency Matrix:
[[1,1,0,1],[1,0,1,1],[1,1,1,0],[0,1,1,1]]
Operation Table:
[[0,3,3,0],[0,3,3,0],[1,2,2,1],[1,2,2,1]]

Adjacency Matrix:
[[1,0,1,1],[1,1,0,1],[1,1,1,0],[0,1,1,0]]
Operation Table:
[[0,3,3,0],[0,3,3,0],[1,2,2,1],[1,2,2,1]]

Adjacency Matrix:
[[1,0,1,1],[1,0,0,1],[1,1,1,0],[0,1,1,0]]
Operation Table:
[[0,3,3,0],[0,3,3,0],[1,2,2,1],[1,2,2,1]]

Adjacency Matrix:
[[1,0,1,1],[1,1,0,1],[1,1,1,0],[0,1,1,1]]
Operation Table:
[[0,3,3,0],[0,3,3,0],[1,2,2,1],[1,2,2,1]]

Adjacency Matrix:
[[1,0,1,1],[1,0,0,1],[1,1,1,0],[0,1,1,1]]
Operation Table:
[[0,3,3,0],[0,3,3,0],[1,2,2,1],[1,2,2,1]]

Adjacency Matrix:
[[1,0,0,1],[1,1,0,1],[0,1,1,0],[0,1,1,0]]
Operation Table:
[[0,3,3,0],[0,3,3,0],[1,2,2,1],[1,2,2,1]]

Adjacency Matrix:
[[1,0,0,1],[1,1,0,1],[0,1,1,0],[0,1,1,1]]
Operation Table:
[[0,3,3,0],[0,3,3,0],[1,2,2,1],[1,2,2,1]]

Adjacency Matrix:
[[1,0,0,1],[1,0,0,1],[0,1,1,0],[0,1,1,0]]
Operation Table:
[[0,3,3,0],[0,3,3,0],[1,2,2,1],[1,2,2,1]]

Adjacency Matrix:
[[1,0,0,1],[1,0,0,1],[0,1,1,0],[0,1,1,1]]
Operation Table:
[[3,1,3,1],[3,1,3,1],[2,0,2,0],[2,0,2,0]]

Adjacency Matrix:
[[1,1,1,1],[1,1,0,1],[1,1,1,0],[1,0,1,0]]
Operation Table:
[[3,1,3,1],[3,1,3,1],[2,0,2,0],[2,0,2,0]]

Adjacency Matrix:
[[1,1,1,1],[1,1,0,1],[1,1,1,0],[1,0,1,1]]
Operation Table:
[[3,1,3,1],[3,1,3,1],[2,0,2,0],[2,0,2,0]]

Adjacency Matrix:
[[1,1,0,1],[0,1,1,1],[1,1,1,0],[1,0,1,0]]
Operation Table:
[[3,1,3,1],[3,1,3,1],[2,0,2,0],[2,0,2,0]]

Adjacency Matrix:
[[1,1,0,1],[0,1,1,1],[1,1,1,0],[1,0,1,1]]
Operation Table:
[[3,1,3,1],[3,1,3,1],[2,0,2,0],[2,0,2,0]]

Adjacency Matrix:
[[1,1,0,1],[0,1,0,1],[1,0,1,0],[1,0,1,0]]
Operation Table:
[[3,1,3,1],[3,1,3,1],[2,0,2,0],[2,0,2,0]]

Adjacency Matrix:
[[1,1,0,1],[0,1,0,1],[1,0,1,0],[1,0,1,1]]
Operation Table:
[[3,1,3,1],[3,1,3,1],[2,0,2,0],[2,0,2,0]]

Adjacency Matrix:
[[0,1,1,1],[1,1,0,1],[1,1,1,0],[1,0,1,0]]
Operation Table:
[[3,1,3,1],[3,1,3,1],[2,0,2,0],[2,0,2,0]]

Adjacency Matrix:
[[0,1,0,1],[0,1,1,1],[1,1,1,0],[1,0,1,0]]
Operation Table:
[[3,1,3,1],[3,1,3,1],[2,0,2,0],[2,0,2,0]]

Adjacency Matrix:
[[0,1,0,1],[0,1,0,1],[1,0,1,0],[1,0,1,0]]
Operation Table:
[[3,1,3,1],[3,1,3,1],[2,0,2,0],[2,0,2,0]]

Adjacency Matrix:
[[0,1,0,1],[0,1,1,1],[1,1,1,0],[1,0,1,1]]
Operation Table:
[[3,1,3,1],[3,1,3,1],[2,0,2,0],[2,0,2,0]]

Adjacency Matrix:
[[0,1,1,1],[1,1,0,1],[1,1,1,0],[1,0,1,1]]
Operation Table:
[[3,1,3,1],[3,1,3,1],[2,0,2,0],[2,0,2,0]]

Adjacency Matrix:
[[0,1,0,1],[0,1,0,1],[1,0,1,0],[1,0,1,1]]
Operation Table:
[[3,3,1,1],[3,2,1,0],[1,1,1,1],[1,0,1,0]]

Adjacency Matrix:
[[1,1,1,1],[1,1,1,1],[1,1,1,0],[1,1,0,0]]
Operation Table:
[[3,3,1,1],[3,2,1,0],[1,1,1,1],[1,0,1,0]]

Adjacency Matrix:
[[0,1,1,1],[1,1,1,1],[1,1,1,0],[1,1,0,0]]
Operation Table:
[[3,3,1,1],[3,2,1,0],[1,1,1,1],[1,0,1,0]]

Adjacency Matrix:
[[1,1,1,1],[1,1,1,1],[1,1,1,0],[1,1,0,1]]
Operation Table:
[[3,3,1,1],[3,2,1,0],[1,1,1,1],[1,0,1,0]]

Adjacency Matrix:
[[0,1,1,1],[1,1,1,1],[1,1,1,0],[1,1,0,1]]
Operation Table:
[[3,3,1,1],[3,2,1,0],[1,1,1,1],[1,0,1,0]]

Adjacency Matrix:
[[1,1,1,1],[1,1,1,1],[1,1,0,0],[1,1,0,0]]
Operation Table:
[[3,3,1,1],[3,2,1,0],[1,1,1,1],[1,0,1,0]]

Adjacency Matrix:
[[1,1,1,1],[1,1,1,1],[1,1,0,0],[1,1,0,1]]
Operation Table:
[[3,3,1,1],[3,2,1,0],[1,1,1,1],[1,0,1,0]]

Adjacency Matrix:
[[0,1,1,1],[1,1,1,1],[1,1,0,0],[1,1,0,0]]
Operation Table:
[[3,3,1,1],[3,2,1,0],[1,1,1,1],[1,0,1,0]]

Adjacency Matrix:
[[0,1,1,1],[1,1,1,1],[1,1,0,0],[1,1,0,1]]
Operation Table:
[[3,3,1,1],[3,2,1,0],[1,1,1,1],[1,0,1,0]]

Adjacency Matrix:
[[1,1,0,1],[1,1,1,1],[0,1,1,0],[1,1,0,0]]
Operation Table:
[[3,3,1,1],[3,2,1,0],[1,1,1,1],[1,0,1,0]]

Adjacency Matrix:
[[1,1,0,1],[1,1,1,1],[0,1,0,0],[1,1,0,0]]
Operation Table:
[[3,3,1,1],[3,2,1,0],[1,1,1,1],[1,0,1,0]]

Adjacency Matrix:
[[0,1,0,1],[1,1,1,1],[0,1,1,0],[1,1,0,0]]
Operation Table:
[[3,3,1,1],[3,2,1,0],[1,1,1,1],[1,0,1,0]]

Adjacency Matrix:
[[0,1,0,1],[1,1,1,1],[0,1,0,0],[1,1,0,0]]
Operation Table:
[[3,3,1,1],[3,2,1,0],[1,1,1,1],[1,0,1,0]]

Adjacency Matrix:
[[1,1,0,1],[1,1,1,1],[0,1,1,0],[1,1,0,1]]
Operation Table:
[[3,3,1,1],[3,2,1,0],[1,1,1,1],[1,0,1,0]]

Adjacency Matrix:
[[0,1,0,1],[1,1,1,1],[0,1,1,0],[1,1,0,1]]
Operation Table:
[[3,3,1,1],[3,2,1,0],[1,1,1,1],[1,0,1,0]]

Adjacency Matrix:
[[1,1,0,1],[1,1,1,1],[0,1,0,0],[1,1,0,1]]
Operation Table:
[[3,3,1,1],[3,2,1,0],[1,1,1,1],[1,0,1,0]]

Adjacency Matrix:
[[0,1,0,1],[1,1,1,1],[0,1,0,0],[1,1,0,1]]
Operation Table:
[[3,2,1,0],[2,2,0,0],[1,0,1,0],[0,0,0,0]]

Adjacency Matrix:
[[1,1,1,1],[1,1,1,1],[1,1,1,0],[1,1,0,0]]
Operation Table:
[[3,2,1,0],[2,2,0,0],[1,0,1,0],[0,0,0,0]]

Adjacency Matrix:
[[1,1,1,1],[1,1,1,1],[1,1,1,0],[1,1,0,1]]
Operation Table:
[[3,2,1,0],[2,2,0,0],[1,0,1,0],[0,0,0,0]]

Adjacency Matrix:
[[1,1,1,1],[1,1,1,1],[1,1,0,0],[1,1,0,0]]
Operation Table:
[[3,2,1,0],[2,2,0,0],[1,0,1,0],[0,0,0,0]]

Adjacency Matrix:
[[1,1,1,1],[1,1,1,1],[1,1,0,0],[1,1,0,1]]
Operation Table:
[[3,2,1,0],[2,2,0,0],[1,0,1,0],[0,0,0,0]]

Adjacency Matrix:
[[1,1,1,1],[1,0,1,1],[1,1,1,0],[1,1,0,0]]
Operation Table:
[[3,2,1,0],[2,2,0,0],[1,0,1,0],[0,0,0,0]]

Adjacency Matrix:
[[1,1,1,1],[1,0,1,1],[1,1,0,0],[1,1,0,0]]
Operation Table:
[[3,2,1,0],[2,2,0,0],[1,0,1,0],[0,0,0,0]]

Adjacency Matrix:
[[1,1,1,1],[1,0,1,1],[1,1,1,0],[1,1,0,1]]
Operation Table:
[[3,2,1,0],[2,2,0,0],[1,0,1,0],[0,0,0,0]]

Adjacency Matrix:
[[1,1,1,1],[1,0,1,1],[1,1,0,0],[1,1,0,1]]
Operation Table:
[[3,2,1,0],[2,2,0,0],[1,0,1,0],[0,0,0,0]]

Adjacency Matrix:
[[1,1,1,1],[1,1,1,0],[1,1,1,0],[1,0,0,0]]
Operation Table:
[[3,2,1,0],[2,2,0,0],[1,0,1,0],[0,0,0,0]]

Adjacency Matrix:
[[1,1,1,1],[1,0,1,0],[1,1,1,0],[1,0,0,0]]
Operation Table:
[[3,2,1,0],[2,2,0,0],[1,0,1,0],[0,0,0,0]]

Adjacency Matrix:
[[1,1,1,1],[1,1,1,0],[1,1,1,0],[1,0,0,1]]
Operation Table:
[[3,2,1,0],[2,2,0,0],[1,0,1,0],[0,0,0,0]]

Adjacency Matrix:
[[1,1,1,1],[1,0,1,0],[1,1,1,0],[1,0,0,1]]
Operation Table:
[[3,2,1,0],[2,2,0,0],[1,0,1,0],[0,0,0,0]]

Adjacency Matrix:
[[1,1,1,1],[1,1,1,0],[1,1,0,0],[1,0,0,0]]
Operation Table:
[[3,2,1,0],[2,2,0,0],[1,0,1,0],[0,0,0,0]]

Adjacency Matrix:
[[1,1,1,1],[1,0,1,0],[1,1,0,0],[1,0,0,0]]
Operation Table:
[[3,2,1,0],[2,2,0,0],[1,0,1,0],[0,0,0,0]]

Adjacency Matrix:
[[1,1,1,1],[1,1,1,0],[1,1,0,0],[1,0,0,1]]
Operation Table:
[[3,2,1,0],[2,2,0,0],[1,0,1,0],[0,0,0,0]]

Adjacency Matrix:
[[1,1,1,1],[1,0,1,0],[1,1,0,0],[1,0,0,1]]
Operation Table:
[[2,2,1,1],[2,3,0,1],[1,0,0,1],[1,1,1,1]]

Adjacency Matrix:
[[1,1,1,1],[1,1,1,1],[1,1,1,0],[1,1,0,0]]
Operation Table:
[[2,2,1,1],[2,3,0,1],[1,0,0,1],[1,1,1,1]]

Adjacency Matrix:
[[1,1,1,1],[1,1,1,1],[1,1,0,0],[1,1,0,0]]
Operation Table:
[[2,2,1,1],[2,3,0,1],[1,0,0,1],[1,1,1,1]]

Adjacency Matrix:
[[1,1,1,1],[1,1,1,1],[1,1,1,0],[1,1,0,1]]
Operation Table:
[[2,2,1,1],[2,3,0,1],[1,0,0,1],[1,1,1,1]]

Adjacency Matrix:
[[1,1,1,1],[1,1,1,1],[1,1,0,0],[1,1,0,1]]
Operation Table:
[[2,2,1,1],[2,3,0,1],[1,0,0,1],[1,1,1,1]]

Adjacency Matrix:
[[0,1,1,1],[1,1,1,1],[1,1,1,0],[1,1,0,0]]
Operation Table:
[[2,2,1,1],[2,3,0,1],[1,0,0,1],[1,1,1,1]]

Adjacency Matrix:
[[0,1,1,1],[1,1,1,1],[1,1,1,0],[1,1,0,1]]
Operation Table:
[[2,2,1,1],[2,3,0,1],[1,0,0,1],[1,1,1,1]]

Adjacency Matrix:
[[0,1,1,1],[1,1,1,1],[1,1,0,0],[1,1,0,0]]
Operation Table:
[[2,2,1,1],[2,3,0,1],[1,0,0,1],[1,1,1,1]]

Adjacency Matrix:
[[0,1,1,1],[1,1,1,1],[1,1,0,0],[1,1,0,1]]
Operation Table:
[[2,2,1,1],[2,3,0,1],[1,0,0,1],[1,1,1,1]]

Adjacency Matrix:
[[1,1,1,0],[1,1,1,1],[1,1,1,0],[0,1,0,0]]
Operation Table:
[[2,2,1,1],[2,3,0,1],[1,0,0,1],[1,1,1,1]]

Adjacency Matrix:
[[1,1,1,0],[1,1,1,1],[1,1,0,0],[0,1,0,0]]
Operation Table:
[[2,2,1,1],[2,3,0,1],[1,0,0,1],[1,1,1,1]]

Adjacency Matrix:
[[1,1,1,0],[1,1,1,1],[1,1,1,0],[0,1,0,1]]
Operation Table:
[[2,2,1,1],[2,3,0,1],[1,0,0,1],[1,1,1,1]]

Adjacency Matrix:
[[1,1,1,0],[1,1,1,1],[1,1,0,0],[0,1,0,1]]
Operation Table:
[[2,2,1,1],[2,3,0,1],[1,0,0,1],[1,1,1,1]]

Adjacency Matrix:
[[0,1,1,0],[1,1,1,1],[1,1,1,0],[0,1,0,0]]
Operation Table:
[[2,2,1,1],[2,3,0,1],[1,0,0,1],[1,1,1,1]]

Adjacency Matrix:
[[0,1,1,0],[1,1,1,1],[1,1,1,0],[0,1,0,1]]
Operation Table:
[[2,2,1,1],[2,3,0,1],[1,0,0,1],[1,1,1,1]]

Adjacency Matrix:
[[0,1,1,0],[1,1,1,1],[1,1,0,0],[0,1,0,0]]
Operation Table:
[[2,2,1,1],[2,3,0,1],[1,0,0,1],[1,1,1,1]]

Adjacency Matrix:
[[0,1,1,0],[1,1,1,1],[1,1,0,0],[0,1,0,1]]
Operation Table:
[[2,2,1,1],[2,3,0,1],[1,0,0,1],[1,1,1,1]]

Adjacency Matrix:
[[1,1,1,1],[1,1,1,1],[1,1,1,1],[1,1,1,0]]
Operation Table:
[[2,2,1,1],[2,3,0,1],[1,0,0,1],[1,1,1,1]]

Adjacency Matrix:
[[1,1,1,0],[1,1,1,1],[1,1,1,1],[0,1,1,0]]
Operation Table:
[[2,2,1,1],[2,3,0,1],[1,0,0,1],[1,1,1,1]]

Adjacency Matrix:
[[0,1,1,1],[1,1,1,1],[1,1,1,1],[1,1,1,0]]
Operation Table:
[[2,2,1,1],[2,3,0,1],[1,0,0,1],[1,1,1,1]]

Adjacency Matrix:
[[0,1,1,0],[1,1,1,1],[1,1,1,1],[0,1,1,0]]
Operation Table:
[[2,2,1,1],[2,3,0,1],[1,0,0,1],[1,1,1,1]]

Adjacency Matrix:
[[1,1,1,1],[1,1,1,1],[1,1,0,1],[1,1,1,0]]
Operation Table:
[[2,2,1,1],[2,3,0,1],[1,0,0,1],[1,1,1,1]]

Adjacency Matrix:
[[0,1,1,1],[1,1,1,1],[1,1,0,1],[1,1,1,0]]
Operation Table:
[[2,2,1,1],[2,3,0,1],[1,0,0,1],[1,1,1,1]]

Adjacency Matrix:
[[1,1,1,0],[1,1,1,1],[1,1,0,1],[0,1,1,0]]
Operation Table:
[[2,2,1,1],[2,3,0,1],[1,0,0,1],[1,1,1,1]]

Adjacency Matrix:
[[0,1,1,0],[1,1,1,1],[1,1,0,1],[0,1,1,0]]
Operation Table:
[[2,2,1,1],[2,3,0,1],[1,0,0,1],[1,1,1,1]]

Adjacency Matrix:
[[1,1,1,1],[1,1,1,1],[1,1,1,1],[1,1,1,1]]
Operation Table:
[[2,2,1,1],[2,3,0,1],[1,0,0,1],[1,1,1,1]]

Adjacency Matrix:
[[1,1,1,1],[1,1,1,1],[1,1,0,1],[1,1,1,1]]
Operation Table:
[[2,2,1,1],[2,3,0,1],[1,0,0,1],[1,1,1,1]]

Adjacency Matrix:
[[1,1,1,0],[1,1,1,1],[1,1,1,1],[0,1,1,1]]
Operation Table:
[[2,2,1,1],[2,3,0,1],[1,0,0,1],[1,1,1,1]]

Adjacency Matrix:
[[1,1,1,0],[1,1,1,1],[1,1,0,1],[0,1,1,1]]
Operation Table:
[[2,2,1,1],[2,3,0,1],[1,0,0,1],[1,1,1,1]]

Adjacency Matrix:
[[0,1,1,1],[1,1,1,1],[1,1,1,1],[1,1,1,1]]
Operation Table:
[[2,2,1,1],[2,3,0,1],[1,0,0,1],[1,1,1,1]]

Adjacency Matrix:
[[0,1,1,0],[1,1,1,1],[1,1,1,1],[0,1,1,1]]
Operation Table:
[[2,2,1,1],[2,3,0,1],[1,0,0,1],[1,1,1,1]]

Adjacency Matrix:
[[0,1,1,1],[1,1,1,1],[1,1,0,1],[1,1,1,1]]
Operation Table:
[[2,2,1,1],[2,3,0,1],[1,0,0,1],[1,1,1,1]]

Adjacency Matrix:
[[0,1,1,0],[1,1,1,1],[1,1,0,1],[0,1,1,1]]
Operation Table:
[[2,2,2,2],[2,3,3,2],[2,3,0,1],[2,2,1,1]]

Adjacency Matrix:
[[1,1,1,1],[1,1,1,1],[1,1,1,1],[1,1,1,0]]
Operation Table:
[[2,2,2,2],[2,3,3,2],[2,3,0,1],[2,2,1,1]]

Adjacency Matrix:
[[1,1,1,1],[1,1,1,1],[1,1,1,1],[1,1,1,1]]
Operation Table:
[[2,2,2,2],[2,3,3,2],[2,3,0,1],[2,2,1,1]]

Adjacency Matrix:
[[0,1,1,1],[1,1,1,1],[1,1,1,1],[1,1,1,0]]
Operation Table:
[[2,2,2,2],[2,3,3,2],[2,3,0,1],[2,2,1,1]]

Adjacency Matrix:
[[0,1,1,1],[1,1,1,1],[1,1,1,1],[1,1,1,1]]
Operation Table:
[[2,2,2,2],[2,3,3,2],[2,3,0,1],[2,2,1,1]]

Adjacency Matrix:
[[1,1,1,0],[1,1,1,1],[1,1,1,1],[0,1,1,0]]
Operation Table:
[[2,2,2,2],[2,3,3,2],[2,3,0,1],[2,2,1,1]]

Adjacency Matrix:
[[0,1,1,0],[1,1,1,1],[1,1,1,1],[0,1,1,0]]
Operation Table:
[[2,2,2,2],[2,3,3,2],[2,3,0,1],[2,2,1,1]]

Adjacency Matrix:
[[1,1,1,0],[1,1,1,1],[1,1,1,1],[0,1,1,1]]
Operation Table:
[[2,2,2,2],[2,3,3,2],[2,3,0,1],[2,2,1,1]]

Adjacency Matrix:
[[0,1,1,0],[1,1,1,1],[1,1,1,1],[0,1,1,1]]
Operation Table:
[[2,2,2,2],[2,3,3,2],[2,3,0,1],[2,2,1,1]]

Adjacency Matrix:
[[1,1,1,1],[1,0,1,1],[1,1,1,1],[1,1,1,0]]
Operation Table:
[[2,2,2,2],[2,3,3,2],[2,3,0,1],[2,2,1,1]]

Adjacency Matrix:
[[1,1,1,0],[1,0,1,1],[1,1,1,1],[0,1,1,0]]
Operation Table:
[[2,2,2,2],[2,3,3,2],[2,3,0,1],[2,2,1,1]]

Adjacency Matrix:
[[1,1,1,1],[1,0,1,1],[1,1,1,1],[1,1,1,1]]
Operation Table:
[[2,2,2,2],[2,3,3,2],[2,3,0,1],[2,2,1,1]]

Adjacency Matrix:
[[1,1,1,0],[1,0,1,1],[1,1,1,1],[0,1,1,1]]
Operation Table:
[[2,2,2,2],[2,3,3,2],[2,3,0,1],[2,2,1,1]]

Adjacency Matrix:
[[0,1,1,1],[1,0,1,1],[1,1,1,1],[1,1,1,0]]
Operation Table:
[[2,2,2,2],[2,3,3,2],[2,3,0,1],[2,2,1,1]]

Adjacency Matrix:
[[0,1,1,0],[1,0,1,1],[1,1,1,1],[0,1,1,0]]
Operation Table:
[[2,2,2,2],[2,3,3,2],[2,3,0,1],[2,2,1,1]]

Adjacency Matrix:
[[0,1,1,1],[1,0,1,1],[1,1,1,1],[1,1,1,1]]
Operation Table:
[[2,2,2,2],[2,3,3,2],[2,3,0,1],[2,2,1,1]]

Adjacency Matrix:
[[0,1,1,0],[1,0,1,1],[1,1,1,1],[0,1,1,1]]
Operation Table:
[[2,2,2,2],[2,3,3,2],[2,3,0,1],[2,2,1,1]]

Adjacency Matrix:
[[1,0,1,1],[0,0,1,1],[1,1,1,1],[1,1,1,0]]
Operation Table:
[[2,2,2,2],[2,3,3,2],[2,3,0,1],[2,2,1,1]]

Adjacency Matrix:
[[1,0,1,1],[0,1,1,1],[1,1,1,1],[1,1,1,0]]
Operation Table:
[[2,2,2,2],[2,3,3,2],[2,3,0,1],[2,2,1,1]]

Adjacency Matrix:
[[0,0,1,1],[0,0,1,1],[1,1,1,1],[1,1,1,0]]
Operation Table:
[[2,2,2,2],[2,3,3,2],[2,3,0,1],[2,2,1,1]]

Adjacency Matrix:
[[0,0,1,1],[0,1,1,1],[1,1,1,1],[1,1,1,0]]
Operation Table:
[[2,2,2,2],[2,3,3,2],[2,3,0,1],[2,2,1,1]]

Adjacency Matrix:
[[1,0,1,1],[0,0,1,1],[1,1,1,1],[1,1,1,1]]
Operation Table:
[[2,2,2,2],[2,3,3,2],[2,3,0,1],[2,2,1,1]]

Adjacency Matrix:
[[1,0,1,1],[0,1,1,1],[1,1,1,1],[1,1,1,1]]
Operation Table:
[[2,2,2,2],[2,3,3,2],[2,3,0,1],[2,2,1,1]]

Adjacency Matrix:
[[0,0,1,1],[0,0,1,1],[1,1,1,1],[1,1,1,1]]
Operation Table:
[[2,2,2,2],[2,3,3,2],[2,3,0,1],[2,2,1,1]]

Adjacency Matrix:
[[0,0,1,1],[0,1,1,1],[1,1,1,1],[1,1,1,1]]
Operation Table:
[[2,2,2,2],[2,3,3,2],[2,3,0,1],[2,2,1,1]]

Adjacency Matrix:
[[1,0,1,0],[0,0,1,1],[1,1,1,1],[0,1,1,0]]
Operation Table:
[[2,2,2,2],[2,3,3,2],[2,3,0,1],[2,2,1,1]]

Adjacency Matrix:
[[1,0,1,0],[0,0,1,1],[1,1,1,1],[0,1,1,1]]
Operation Table:
[[2,2,2,2],[2,3,3,2],[2,3,0,1],[2,2,1,1]]

Adjacency Matrix:
[[0,0,1,0],[0,0,1,1],[1,1,1,1],[0,1,1,0]]
Operation Table:
[[2,2,2,2],[2,3,3,2],[2,3,0,1],[2,2,1,1]]

Adjacency Matrix:
[[0,0,1,0],[0,0,1,1],[1,1,1,1],[0,1,1,1]]
Operation Table:
[[2,2,2,2],[2,3,3,2],[2,3,0,1],[2,2,1,1]]

Adjacency Matrix:
[[1,0,1,0],[0,1,1,1],[1,1,1,1],[0,1,1,0]]
Operation Table:
[[2,2,2,2],[2,3,3,2],[2,3,0,1],[2,2,1,1]]

Adjacency Matrix:
[[0,0,1,0],[0,1,1,1],[1,1,1,1],[0,1,1,0]]
Operation Table:
[[2,2,2,2],[2,3,3,2],[2,3,0,1],[2,2,1,1]]

Adjacency Matrix:
[[1,0,1,0],[0,1,1,1],[1,1,1,1],[0,1,1,1]]
Operation Table:
[[2,2,2,2],[2,3,3,2],[2,3,0,1],[2,2,1,1]]

Adjacency Matrix:
[[0,0,1,0],[0,1,1,1],[1,1,1,1],[0,1,1,1]]
Operation Table:
[[2,3,0,1],[3,3,0,0],[0,0,0,0],[1,0,0,1]]

Adjacency Matrix:
[[1,1,1,1],[1,0,1,1],[1,1,1,1],[1,1,1,0]]
Operation Table:
[[2,3,0,1],[3,3,0,0],[0,0,0,0],[1,0,0,1]]

Adjacency Matrix:
[[1,1,1,1],[1,1,1,1],[1,1,1,1],[1,1,1,0]]
Operation Table:
[[2,3,0,1],[3,3,0,0],[0,0,0,0],[1,0,0,1]]

Adjacency Matrix:
[[1,1,1,1],[1,0,1,1],[1,1,1,1],[1,1,1,1]]
Operation Table:
[[2,3,0,1],[3,3,0,0],[0,0,0,0],[1,0,0,1]]

Adjacency Matrix:
[[1,1,1,1],[1,1,1,1],[1,1,1,1],[1,1,1,1]]
Operation Table:
[[2,3,0,1],[3,3,0,0],[0,0,0,0],[1,0,0,1]]

Adjacency Matrix:
[[1,1,1,1],[1,0,1,1],[1,1,0,1],[1,1,1,0]]
Operation Table:
[[2,3,0,1],[3,3,0,0],[0,0,0,0],[1,0,0,1]]

Adjacency Matrix:
[[1,1,1,1],[1,0,1,1],[1,1,0,1],[1,1,1,1]]
Operation Table:
[[2,3,0,1],[3,3,0,0],[0,0,0,0],[1,0,0,1]]

Adjacency Matrix:
[[1,1,1,1],[1,1,1,1],[1,1,0,1],[1,1,1,0]]
Operation Table:
[[2,3,0,1],[3,3,0,0],[0,0,0,0],[1,0,0,1]]

Adjacency Matrix:
[[1,1,1,1],[1,1,1,1],[1,1,0,1],[1,1,1,1]]
Operation Table:
[[2,3,0,1],[3,3,0,0],[0,0,0,0],[1,0,0,1]]

Adjacency Matrix:
[[1,1,1,1],[1,0,0,1],[1,0,1,1],[1,1,1,0]]
Operation Table:
[[2,3,0,1],[3,3,0,0],[0,0,0,0],[1,0,0,1]]

Adjacency Matrix:
[[1,1,1,1],[1,0,0,1],[1,0,0,1],[1,1,1,0]]
Operation Table:
[[2,3,0,1],[3,3,0,0],[0,0,0,0],[1,0,0,1]]

Adjacency Matrix:
[[1,1,1,1],[1,1,0,1],[1,0,1,1],[1,1,1,0]]
Operation Table:
[[2,3,0,1],[3,3,0,0],[0,0,0,0],[1,0,0,1]]

Adjacency Matrix:
[[1,1,1,1],[1,1,0,1],[1,0,0,1],[1,1,1,0]]
Operation Table:
[[2,3,0,1],[3,3,0,0],[0,0,0,0],[1,0,0,1]]

Adjacency Matrix:
[[1,1,1,1],[1,0,0,1],[1,0,1,1],[1,1,1,1]]
Operation Table:
[[2,3,0,1],[3,3,0,0],[0,0,0,0],[1,0,0,1]]

Adjacency Matrix:
[[1,1,1,1],[1,0,0,1],[1,0,0,1],[1,1,1,1]]
Operation Table:
[[2,3,0,1],[3,3,0,0],[0,0,0,0],[1,0,0,1]]

Adjacency Matrix:
[[1,1,1,1],[1,1,0,1],[1,0,1,1],[1,1,1,1]]
Operation Table:
[[2,3,0,1],[3,3,0,0],[0,0,0,0],[1,0,0,1]]

Adjacency Matrix:
[[1,1,1,1],[1,1,0,1],[1,0,0,1],[1,1,1,1]]
Operation Table:
[[2,3,0,1],[3,3,0,0],[0,0,0,0],[1,0,0,1]]

Adjacency Matrix:
[[1,1,1,1],[1,0,0,1],[1,0,1,0],[1,1,0,0]]
Operation Table:
[[2,3,0,1],[3,3,0,0],[0,0,0,0],[1,0,0,1]]

Adjacency Matrix:
[[1,1,1,1],[1,0,1,1],[1,1,1,0],[1,1,0,0]]
Operation Table:
[[2,3,0,1],[3,3,0,0],[0,0,0,0],[1,0,0,1]]

Adjacency Matrix:
[[1,1,1,1],[1,0,0,1],[1,0,1,0],[1,1,0,1]]
Operation Table:
[[2,3,0,1],[3,3,0,0],[0,0,0,0],[1,0,0,1]]

Adjacency Matrix:
[[1,1,1,1],[1,0,1,1],[1,1,1,0],[1,1,0,1]]
Operation Table:
[[2,3,0,1],[3,3,0,0],[0,0,0,0],[1,0,0,1]]

Adjacency Matrix:
[[1,1,1,1],[1,1,0,1],[1,0,1,0],[1,1,0,0]]
Operation Table:
[[2,3,0,1],[3,3,0,0],[0,0,0,0],[1,0,0,1]]

Adjacency Matrix:
[[1,1,1,1],[1,1,1,1],[1,1,1,0],[1,1,0,0]]
Operation Table:
[[2,3,0,1],[3,3,0,0],[0,0,0,0],[1,0,0,1]]

Adjacency Matrix:
[[1,1,1,1],[1,1,0,1],[1,0,1,0],[1,1,0,1]]
Operation Table:
[[2,3,0,1],[3,3,0,0],[0,0,0,0],[1,0,0,1]]

Adjacency Matrix:
[[1,1,1,1],[1,1,1,1],[1,1,1,0],[1,1,0,1]]
Operation Table:
[[2,3,0,1],[3,3,0,0],[0,0,0,0],[1,0,0,1]]

Adjacency Matrix:
[[1,1,1,1],[1,0,0,1],[1,0,0,0],[1,1,0,0]]
Operation Table:
[[2,3,0,1],[3,3,0,0],[0,0,0,0],[1,0,0,1]]

Adjacency Matrix:
[[1,1,1,1],[1,1,0,1],[1,0,0,0],[1,1,0,0]]
Operation Table:
[[2,3,0,1],[3,3,0,0],[0,0,0,0],[1,0,0,1]]

Adjacency Matrix:
[[1,1,1,1],[1,0,0,1],[1,0,0,0],[1,1,0,1]]
Operation Table:
[[2,3,0,1],[3,3,0,0],[0,0,0,0],[1,0,0,1]]

Adjacency Matrix:
[[1,1,1,1],[1,1,0,1],[1,0,0,0],[1,1,0,1]]
Operation Table:
[[2,3,0,1],[3,3,0,0],[0,0,0,0],[1,0,0,1]]

Adjacency Matrix:
[[1,1,1,1],[1,0,1,1],[1,1,0,0],[1,1,0,0]]
Operation Table:
[[2,3,0,1],[3,3,0,0],[0,0,0,0],[1,0,0,1]]

Adjacency Matrix:
[[1,1,1,1],[1,0,1,1],[1,1,0,0],[1,1,0,1]]
Operation Table:
[[2,3,0,1],[3,3,0,0],[0,0,0,0],[1,0,0,1]]

Adjacency Matrix:
[[1,1,1,1],[1,1,1,1],[1,1,0,0],[1,1,0,0]]
Operation Table:
[[2,3,0,1],[3,3,0,0],[0,0,0,0],[1,0,0,1]]

Adjacency Matrix:
[[1,1,1,1],[1,1,1,1],[1,1,0,0],[1,1,0,1]]
