[[0.0, 5.0, -6.0, 9.0], [6.0, -20.0, 38.0, -46.0], [-9.0, 42.0, -80.0, 103.0], [10.0, -38.0, 75.0, -100.0]]
[[2.0, -3.0, 6.0, 1.0], [-5.0, 24.0, -30.0, 6.0], [17.0, -62.0, 84.0, -33.0], [-25.0, 102.0, -145.0, 80.0]]
[[2.0, -5.0, 17.0, -25.0], [-3.0, 24.0, -62.0, 102.0], [6.0, -30.0, 84.0, -145.0], [1.0, 6.0, -33.0, 80.0]]
[[1.0, -1.0, 11.0, -21.0], [0.0, 16.0, -64.0, 134.0], [5.0, -42.0, 158.0, -317.0], [-4.0, 46.0, -163.0, 320.0]]
[[1.0, 0.0, 5.0, -4.0], [-1.0, 16.0, -42.0, 46.0], [11.0, -64.0, 158.0, -163.0], [-21.0, 134.0, -317.0, 320.0]]
[[0.0, 6.0, -9.0, 10.0], [5.0, -20.0, 42.0, -38.0], [-6.0, 38.0, -80.0, 75.0], [9.0, -46.0, 103.0, -100.0]]
[[-1.0, 9.0, -11.0, 9.0], [9.0, -31.0, 45.0, -23.0], [-11.0, 45.0, -51.0, -8.0], [9.0, -23.0, -8.0, 113.0]]
[[1.0, -1.0, 9.0, -9.0], [-1.0, 21.0, -65.0, 89.0], [9.0, -65.0, 197.0, -290.0], [-9.0, 89.0, -290.0, 481.0]]
[[0.0, 4.0, -1.0, 0.0], [4.0, -7.0, 0.0, 11.0], [-1.0, 0.0, 25.0, -47.0], [0.0, 11.0, -47.0, 87.0]]
[[1.0, 0.0, 6.0, -10.0], [0.0, 11.0, -37.0, 67.0], [6.0, -37.0, 107.0, -154.0], [-10.0, 67.0, -154.0, 151.0]]
[[0.0, 5.0, -5.0, 5.0], [5.0, -17.0, 30.0, -23.0], [-5.0, 30.0, -55.0, 37.0], [5.0, -23.0, 37.0, 17.0]]
[[2.0, -5.0, 17.0, -25.0], [-6.0, 40.0, -100.0, 158.0], [19.0, -98.0, 242.0, -373.0], [-18.0, 102.0, -247.0, 376.0]]
[[1.0, 2.0, -6.0, 20.0], [2.0, -9.0, 43.0, -101.0], [-6.0, 43.0, -133.0, 258.0], [20.0, -101.0, 258.0, -429.0]]
[[-1.0, 9.0, -10.0, 5.0], [11.0, -40.0, 58.0, -26.0], [-21.0, 90.0, -132.0, 71.0], [31.0, -122.0, 183.0, -112.0]]
[[-1.0, 10.0, -16.0, 20.0], [10.0, -41.0, 81.0, -93.0], [-16.0, 81.0, -161.0, 188.0], [20.0, -93.0, 188.0, -217.0]]
[[2.0, -6.0, 19.0, -18.0], [-5.0, 40.0, -98.0, 102.0], [17.0, -100.0, 242.0, -247.0], [-25.0, 158.0, -373.0, 376.0]]
[[1.0, 1.0, 1.0, 1.0], [1.0, 1.0, -5.0, 17.0], [1.0, -5.0, 37.0, -98.0], [1.0, 17.0, -98.0, 221.0]]
[[2.0, -3.0, 6.0, 1.0], [-6.0, 28.0, -34.0, 2.0], [19.0, -70.0, 88.0, -9.0], [-18.0, 74.0, -93.0, 12.0]]
[[2.0, -6.0, 19.0, -18.0], [-3.0, 28.0, -70.0, 74.0], [6.0, -34.0, 88.0, -93.0], [1.0, 2.0, -9.0, 12.0]]
[[-1.0, 11.0, -21.0, 31.0], [9.0, -40.0, 90.0, -122.0], [-10.0, 58.0, -132.0, 183.0], [5.0, -26.0, 71.0, -112.0]]
[[0.0, 5.0, -4.0, 1.0], [5.0, -17.0, 28.0, -17.0], [-4.0, 28.0, -65.0, 87.0], [1.0, -17.0, 87.0, -183.0]]
[[-1.0, 9.0, -9.0, 1.0], [9.0, -31.0, 37.0, 9.0], [-9.0, 37.0, -31.0, -48.0], [1.0, 9.0, -48.0, 113.0]]
[[0.0, 4.0, 2.0, -14.0], [4.0, -7.0, -12.0, 69.0], [2.0, -12.0, 55.0, -127.0], [-14.0, 69.0, -127.0, 127.0]]
[[-1.0, 10.0, -14.0, 12.0], [10.0, -41.0, 73.0, -61.0], [-14.0, 73.0, -141.0, 148.0], [12.0, -61.0, 148.0, -217.0]]
