[[8.5, -3.5, -2.0, 6.0], [-3.5, 1.5, -2.0, -2.0], [-2.0, -2.0, 8.375, -2.875], [6.0, -2.0, -2.875, 0.125]]
[[2.25, -3.125, 1.5, -0.125], [-3.0, 8.4375, -6.5, 1.0625], [3.5, -12.375, 10.0, -0.125], [-4.25, 12.1875, -9.0, -1.4375]]
[[-1.25, 2.25, -0.375, -3.625], [-0.125, 0.25, -2.0, 6.375], [1.125, -1.9375, 3.625, -8.3125], [-2.0, 3.6875, -4.5, 7.3125]]
[[-0.125, 0.9375, -1.125, -0.0625], [2.375, -3.75, 1.75, -0.875], [-5.75, 8.4375, -3.875, 3.8125], [5.5, -7.5, 3.0, -4.0]]
[[1.25, -0.875, -0.5, -0.125], [-2.875, 3.6875, -1.375, 1.0625], [3.5, -5.125, 2.75, -1.875], [-4.125, 7.4375, -5.125, 2.3125]]
[[0.25, 0.375, -0.5, -1.375], [-1.125, 1.5, -1.375, 3.25], [1.375, -2.25, 2.375, -4.25], [-1.75, 3.375, -3.25, 3.875]]
[[-2.0, 4.6875, -4.8125, 1.625], [3.625, -6.25, 3.9375, -1.1875], [-6.0625, 9.0625, -3.875, 2.25], [5.1875, -6.875, 1.75, -1.8125]]
[[4.625, -7.875, 8.5, -7.0], [-1.9375, 3.0625, -3.0625, 2.6875], [-0.375, 0.875, -2.125, 3.625], [3.0625, -5.6875, 7.5625, -7.9375]]
[[1.75, -2.8125, 3.0, -3.0625], [2.6875, -4.375, 1.6875, 0.875], [-7.0, 10.9375, -5.5, 2.4375], [8.9375, -14.375, 9.1875, -5.375]]
[[1.75, -0.375, -5.6875, 4.6875], [-5.125, 2.125, 2.4375, -1.5625], [7.25, -0.5, -4.125, 1.375], [-6.875, -2.875, 8.5, -3.5]]
