[[-8.5, 2.5, 4.0], [2.5, -6.9375, 5.625], [4.0, 5.625, -7.125]]
[[-8.40625, 9.78125, -4.59375], [13.65625, -18.65625, 8.84375], [-16.15625, 21.78125, -8.84375]]
[[1.5625, -0.1875, -5.8125], [1.71875, -3.90625, 10.15625], [-4.375, 6.875, -11.875]]
[[3.59375, -3.78125, 1.84375], [-10.15625, 8.90625, -5.15625], [13.59375, -11.40625, 7.34375]]
[[-4.34375, 2.71875, -1.03125], [7.59375, -6.46875, 3.53125], [-10.09375, 10.21875, -6.03125]]
[[-1.25, 1.0, -2.75], [3.125, -3.75, 5.625], [-4.375, 5.625, -6.875]]
[[8.28125, -9.84375, 5.78125], [-12.5, 11.5625, -5.625], [13.59375, -10.78125, 4.84375]]
[[-8.75, 11.25, -10.625], [1.875, -1.5625, 0.0], [5.0, -8.125, 10.625]]
[[1.25, -0.125, -2.625], [-12.5, 11.25, -4.375], [20.625, -20.0, 11.25]]
[[-4.6875, -2.8125, 7.1875], [7.5, 1.96875, -4.75], [-5.875, -7.5, 8.75]]
